iter	Passed	Remaining
0	8	69229
1	14	57299
2	19	52119
3	26	52897
4	32	52046
5	37	49929
6	41	46864
7	43	43534
8	49	43554
9	55	44674
10	61	44852
11	63	42194
12	64	39500
13	68	38799
14	70	37774
15	73	36589
16	75	35571
17	80	35774
18	82	34637
19	86	34426
20	89	33932
21	92	33539
22	95	33146
23	98	32582
24	100	31960
25	102	31579
26	105	31085
27	106	30320
28	109	29960
29	111	29513
30	112	29046
31	116	28918
32	121	29295
33	126	29723
34	131	29932
35	142	31556
36	147	31774
37	151	31745
38	155	31650
39	165	32939
40	169	32967
41	173	32902
42	176	32706
43	180	32566
44	180	31977
45	183	31732
46	186	31479
47	190	31591
48	192	31240
49	196	31229
50	198	30923
51	201	30767
52	204	30659
53	210	31032
54	213	30840
55	217	30857
56	221	30916
57	226	31009
58	229	30837
59	231	30610
60	238	31071
61	239	30633
62	241	30473
63	245	30421
64	247	30269
65	252	30311
66	255	30196
67	258	30112
68	261	30004
69	267	30262
70	269	30107
71	272	30008
72	275	29872
73	278	29866
74	283	29946
75	286	29875
76	290	29883
77	294	29912
78	298	29905
79	302	29919
80	303	29671
81	306	29624
82	310	29637
83	314	29617
84	317	29566
85	321	29625
86	326	29727
87	331	29829
88	335	29850
89	338	29771
90	339	29493
91	339	29222
92	343	29184
93	346	29139
94	349	29117
95	355	29296
96	360	29339
97	362	29269
98	366	29209
99	371	29350
100	374	29269
101	381	29535
102	385	29589
103	391	29738
104	397	29907
105	405	30168
106	411	30346
107	416	30461
108	419	30398
109	427	30676
110	438	31195
111	442	31139
112	446	31161
113	449	31086
114	452	31046
115	455	30960
116	459	30982
117	462	30921
118	467	30976
119	471	30994
120	477	31063
121	480	31038
122	484	31013
123	486	30915
124	490	30885
125	492	30765
126	496	30778
127	499	30728
128	502	30652
129	504	30550
130	507	30481
131	509	30398
132	513	30369
133	515	30275
134	518	30234
135	521	30156
136	524	30088
137	527	30044
138	530	29989
139	532	29905
140	535	29872
141	537	29732
142	540	29695
143	543	29660
144	546	29614
145	548	29512
146	552	29506
147	555	29453
148	557	29400
149	560	29344
150	563	29265
151	566	29227
152	568	29172
153	571	29117
154	572	28966
155	574	28904
156	577	28844
157	580	28812
158	584	28805
159	587	28777
160	589	28680
161	591	28599
162	594	28574
163	596	28508
164	601	28548
165	605	28577
166	609	28595
167	612	28549
168	615	28526
169	619	28547
170	623	28558
171	626	28502
172	629	28460
173	631	28424
174	635	28410
175	637	28346
176	641	28331
177	643	28275
178	646	28242
179	650	28281
180	654	28276
181	657	28245
182	667	28522
183	671	28516
184	673	28447
185	675	28398
186	677	28311
187	680	28288
188	683	28237
189	686	28207
190	688	28140
191	691	28126
192	693	28069
193	697	28077
194	700	28051
195	703	28005
196	706	27997
197	709	27950
198	712	27922
199	714	27870
200	716	27812
201	719	27770
202	722	27747
203	724	27693
204	728	27689
205	730	27639
206	732	27561
207	734	27508
208	737	27483
209	739	27435
210	740	27329
211	742	27291
212	745	27263
213	748	27232
214	750	27192
215	755	27210
216	757	27168
217	760	27136
218	760	27035
219	763	26994
220	768	27047
221	770	27010
222	773	26992
223	776	26958
224	780	26955
225	782	26900
226	786	26933
227	788	26874
228	797	27067
229	801	27062
230	804	27069
231	808	27070
232	811	27042
233	817	27130
234	819	27087
235	824	27111
236	830	27204
237	834	27206
238	838	27241
239	843	27266
240	847	27288
241	848	27213
242	850	27161
243	854	27177
244	857	27146
245	861	27155
246	864	27123
247	868	27158
248	869	27073
249	871	27011
250	874	26994
251	877	26980
252	880	26953
253	883	26942
254	883	26841
255	886	26830
256	889	26813
257	892	26789
258	896	26787
259	900	26805
260	903	26787
261	905	26751
262	908	26729
263	908	26630
264	910	26586
265	914	26601
266	917	26573
267	921	26572
268	923	26531
269	925	26505
270	928	26472
271	930	26444
272	933	26422
273	935	26390
274	938	26363
275	943	26396
276	949	26461
277	956	26555
278	960	26589
279	963	26573
280	965	26512
281	969	26544
282	973	26541
283	978	26596
284	981	26567
285	981	26477
286	984	26464
287	987	26437
288	990	26422
289	996	26493
290	1001	26541
291	1005	26530
292	1011	26600
293	1017	26660
294	1020	26656
295	1021	26592
296	1025	26595
297	1027	26558
298	1030	26552
299	1033	26517
300	1034	26460
301	1036	26427
302	1040	26420
303	1042	26383
304	1044	26347
305	1047	26327
306	1049	26297
307	1052	26293
308	1056	26287
309	1060	26319
310	1063	26286
311	1064	26224
312	1066	26201
313	1069	26185
314	1073	26179
315	1077	26198
316	1081	26222
317	1083	26166
318	1088	26221
319	1093	26253
320	1098	26288
321	1104	26327
322	1108	26338
323	1114	26414
324	1120	26472
325	1125	26485
326	1127	26468
327	1137	26614
328	1141	26607
329	1166	27113
330	1169	27103
331	1173	27111
332	1179	27158
333	1204	27643
334	1212	27737
335	1226	27970
336	1233	28042
337	1240	28120
338	1243	28091
339	1246	28084
340	1248	28050
341	1249	27976
342	1252	27962
343	1267	28209
344	1271	28211
345	1277	28261
346	1284	28336
347	1287	28316
348	1295	28394
349	1297	28363
350	1301	28360
351	1305	28369
352	1312	28439
353	1315	28415
354	1320	28440
355	1324	28433
356	1327	28422
357	1332	28433
358	1335	28416
359	1337	28393
360	1342	28413
361	1344	28376
362	1350	28418
363	1353	28400
364	1357	28405
365	1360	28381
366	1364	28377
367	1367	28354
368	1384	28621
369	1390	28668
370	1390	28600
371	1395	28606
372	1400	28630
373	1408	28714
374	1416	28804
375	1421	28814
376	1426	28848
377	1434	28919
378	1438	28920
379	1442	28925
380	1449	28982
381	1452	28968
382	1457	28982
383	1459	28952
384	1463	28942
385	1467	28940
386	1472	28961
387	1478	29013
388	1485	29067
389	1489	29065
390	1490	29013
391	1498	29076
392	1502	29080
393	1509	29140
394	1513	29139
395	1516	29121
396	1519	29101
397	1522	29075
398	1525	29063
399	1528	29042
400	1531	29025
401	1534	28999
402	1537	28991
403	1540	28973
404	1544	28955
405	1546	28934
406	1549	28907
407	1552	28893
408	1555	28866
409	1559	28861
410	1562	28842
411	1563	28799
412	1566	28773
413	1568	28745
414	1571	28722
415	1572	28666
416	1575	28649
417	1578	28627
418	1579	28572
419	1582	28559
420	1584	28530
421	1588	28522
422	1590	28490
423	1593	28477
424	1596	28451
425	1604	28534
426	1606	28499
427	1609	28481
428	1612	28464
429	1616	28457
430	1619	28443
431	1622	28421
432	1624	28392
433	1627	28381
434	1629	28345
435	1632	28316
436	1635	28300
437	1636	28258
438	1638	28228
439	1641	28210
440	1643	28176
441	1646	28158
442	1649	28143
443	1650	28094
444	1653	28075
445	1656	28050
446	1657	28014
447	1660	27990
448	1663	27969
449	1666	27967
450	1668	27934
451	1670	27889
452	1670	27837
453	1673	27820
454	1676	27804
455	1680	27809
456	1683	27794
457	1687	27785
458	1689	27764
459	1691	27727
460	1692	27675
461	1695	27663
462	1698	27645
463	1700	27625
464	1703	27598
465	1705	27577
466	1708	27562
467	1712	27561
468	1714	27537
469	1717	27517
470	1719	27489
471	1723	27481
472	1726	27467
473	1728	27449
474	1730	27419
475	1733	27398
476	1735	27367
477	1739	27368
478	1741	27340
479	1744	27328
480	1746	27296
481	1749	27282
482	1751	27256
483	1754	27247
484	1757	27235
485	1760	27220
486	1763	27207
487	1765	27180
488	1769	27173
489	1771	27146
490	1773	27127
491	1774	27075
492	1776	27050
493	1779	27031
494	1780	27000
495	1783	26983
496	1785	26955
497	1787	26929
498	1790	26911
499	1793	26899
500	1795	26878
501	1797	26852
502	1800	26829
503	1803	26820
504	1813	26920
505	1816	26910
506	1821	26922
507	1825	26925
508	1831	26959
509	1836	26973
510	1839	26954
511	1843	26956
512	1846	26944
513	1849	26932
514	1853	26936
515	1856	26927
516	1860	26923
517	1862	26900
518	1865	26893
519	1868	26872
520	1871	26861
521	1872	26818
522	1875	26819
523	1879	26811
524	1881	26792
525	1882	26750
526	1885	26740
527	1888	26728
528	1891	26715
529	1895	26712
530	1898	26701
531	1901	26689
532	1902	26650
533	1905	26639
534	1907	26613
535	1910	26599
536	1912	26576
537	1916	26576
538	1918	26554
539	1921	26539
540	1921	26496
541	1924	26482
542	1926	26460
543	1929	26448
544	1930	26412
545	1933	26401
546	1937	26393
547	1939	26376
548	1942	26357
549	1942	26314
550	1948	26339
551	1951	26328
552	1952	26289
553	1954	26264
554	1956	26240
555	1962	26279
556	1968	26303
557	1973	26325
558	1979	26352
559	1982	26341
560	1988	26371
561	1991	26351
562	1995	26359
563	1997	26339
564	1998	26302
565	2001	26282
566	2003	26258
567	2005	26244
568	2011	26269
569	2012	26232
570	2014	26208
571	2017	26197
572	2019	26176
573	2019	26130
574	2023	26126
575	2026	26123
576	2029	26103
577	2030	26074
578	2032	26055
579	2037	26062
580	2040	26050
581	2041	26014
582	2043	25996
583	2046	25985
584	2049	25972
585	2049	25933
586	2053	25930
587	2055	25913
588	2058	25906
589	2060	25880
590	2064	25881
591	2066	25859
592	2070	25857
593	2073	25850
594	2076	25844
595	2078	25826
596	2082	25821
597	2084	25804
598	2087	25790
599	2088	25763
600	2092	25757
601	2093	25732
602	2096	25721
603	2097	25680
604	2100	25673
605	2102	25656
606	2106	25651
607	2109	25647
608	2113	25652
609	2118	25660
610	2122	25669
611	2153	25991
612	2155	25979
613	2158	25966
614	2168	26043
615	2174	26067
616	2183	26132
617	2187	26130
618	2189	26113
619	2191	26084
620	2191	26044
621	2193	26019
622	2201	26063
623	2206	26081
624	2222	26226
625	2232	26294
626	2236	26297
627	2240	26300
628	2247	26339
629	2252	26349
630	2254	26333
631	2260	26354
632	2264	26357
633	2268	26353
634	2269	26325
635	2274	26337
636	2278	26337
637	2283	26350
638	2287	26354
639	2294	26390
640	2295	26354
641	2301	26374
642	2309	26427
643	2315	26443
644	2320	26465
645	2326	26483
646	2329	26475
647	2333	26470
648	2336	26461
649	2340	26467
650	2343	26449
651	2349	26484
652	2352	26464
653	2359	26505
654	2366	26541
655	2375	26588
656	2377	26576
657	2381	26577
658	2393	26667
659	2406	26764
660	2415	26817
661	2420	26833
662	2424	26826
663	2427	26814
664	2429	26797
665	2435	26816
666	2437	26799
667	2441	26794
668	2443	26777
669	2448	26786
670	2451	26771
671	2455	26774
672	2457	26756
673	2460	26746
674	2464	26746
675	2468	26740
676	2468	26700
677	2470	26683
678	2474	26682
679	2475	26649
680	2478	26639
681	2481	26631
682	2485	26623
683	2488	26618
684	2491	26607
685	2496	26614
686	2498	26600
687	2500	26570
688	2502	26554
689	2505	26545
690	2510	26554
691	2512	26536
692	2516	26530
693	2518	26508
694	2521	26505
695	2524	26496
696	2529	26502
697	2532	26497
698	2538	26511
699	2541	26504
700	2544	26489
701	2547	26488
702	2551	26486
703	2559	26527
704	2562	26512
705	2566	26518
706	2572	26539
707	2579	26565
708	2582	26555
709	2586	26553
710	2590	26554
711	2594	26555
712	2603	26611
713	2611	26647
714	2617	26672
715	2623	26685
716	2626	26678
717	2634	26723
718	2645	26790
719	2654	26843
720	2661	26869
721	2667	26893
722	2671	26887
723	2675	26888
724	2678	26872
725	2682	26871
726	2685	26863
727	2691	26887
728	2697	26907
729	2701	26900
730	2705	26898
731	2717	26986
732	2722	26992
733	2725	26980
734	2738	27063
735	2741	27060
736	2747	27079
737	2758	27140
738	2762	27143
739	2765	27129
740	2769	27130
741	2772	27117
742	2776	27116
743	2779	27105
744	2782	27100
745	2785	27087
746	2789	27084
747	2792	27069
748	2794	27057
749	2797	27043
750	2801	27036
751	2803	27022
752	2807	27018
753	2810	27005
754	2812	26986
755	2814	26972
756	2817	26953
757	2819	26941
758	2821	26916
759	2824	26903
760	2826	26884
761	2829	26871
762	2831	26854
763	2834	26846
764	2836	26829
765	2839	26816
766	2841	26797
767	2844	26789
768	2847	26777
769	2851	26773
770	2854	26766
771	2857	26754
772	2860	26741
773	2863	26731
774	2867	26728
775	2868	26704
776	2870	26687
777	2873	26674
778	2878	26679
779	2882	26677
780	2887	26691
781	2893	26706
782	2897	26703
783	2900	26696
784	2905	26701
785	2906	26673
786	2910	26670
787	2914	26678
788	2919	26681
789	2921	26667
790	2923	26643
791	2926	26633
792	2934	26666
793	2934	26634
794	2938	26629
795	2940	26615
796	2945	26618
797	2948	26606
798	2951	26600
799	2953	26585
800	2956	26574
801	2960	26572
802	2963	26559
803	2966	26549
804	2969	26545
805	2973	26538
806	2977	26540
807	2980	26526
808	2983	26521
809	2986	26512
810	2989	26503
811	2992	26491
812	2995	26483
813	2999	26476
814	3001	26463
815	3007	26477
816	3010	26468
817	3014	26466
818	3014	26433
819	3019	26435
820	3025	26452
821	3025	26422
822	3030	26423
823	3042	26493
824	3050	26527
825	3057	26554
826	3064	26579
827	3070	26598
828	3079	26633
829	3086	26664
830	3090	26657
831	3093	26650
832	3096	26640
833	3102	26660
834	3103	26628
835	3106	26619
836	3110	26617
837	3112	26602
838	3118	26616
839	3123	26626
840	3127	26626
841	3133	26638
842	3136	26631
843	3140	26623
844	3144	26626
845	3149	26634
846	3150	26606
847	3154	26601
848	3157	26591
849	3158	26566
850	3166	26599
851	3169	26588
852	3176	26613
853	3180	26617
854	3186	26625
855	3190	26623
856	3195	26635
857	3197	26618
858	3204	26637
859	3206	26617
860	3211	26630
861	3214	26622
862	3218	26619
863	3222	26614
864	3230	26643
865	3233	26636
866	3237	26634
867	3240	26624
868	3243	26618
869	3246	26607
870	3249	26596
871	3251	26582
872	3255	26576
873	3259	26575
874	3263	26571
875	3266	26563
876	3269	26551
877	3273	26551
878	3277	26548
879	3280	26538
880	3283	26534
881	3286	26522
882	3289	26512
883	3291	26494
884	3294	26484
885	3296	26467
886	3298	26451
887	3300	26437
888	3303	26427
889	3305	26406
890	3308	26396
891	3310	26381
892	3313	26371
893	3315	26355
894	3317	26338
895	3320	26330
896	3321	26300
897	3323	26286
898	3325	26269
899	3328	26257
900	3330	26241
901	3332	26227
902	3335	26217
903	3338	26206
904	3340	26187
905	3342	26173
906	3344	26158
907	3347	26148
908	3350	26138
909	3353	26127
910	3355	26111
911	3359	26106
912	3361	26089
913	3362	26070
914	3365	26056
915	3368	26047
916	3370	26036
917	3372	26020
918	3375	26008
919	3377	25992
920	3380	25981
921	3382	25969
922	3385	25961
923	3388	25947
924	3391	25938
925	3393	25922
926	3394	25901
927	3404	25941
928	3406	25927
929	3409	25917
930	3411	25904
931	3414	25895
932	3416	25878
933	3418	25864
934	3419	25836
935	3421	25820
936	3423	25808
937	3426	25793
938	3427	25770
939	3429	25756
940	3431	25740
941	3434	25730
942	3436	25717
943	3439	25709
944	3442	25702
945	3445	25690
946	3448	25680
947	3450	25664
948	3451	25645
949	3453	25626
950	3455	25614
951	3458	25601
952	3462	25601
953	3464	25586
954	3466	25569
955	3468	25557
956	3470	25543
957	3473	25534
958	3492	25642
959	3498	25654
960	3500	25643
961	3503	25633
962	3506	25625
963	3508	25606
964	3511	25596
965	3513	25581
966	3515	25564
967	3516	25547
968	3519	25536
969	3519	25509
970	3522	25495
971	3525	25487
972	3525	25462
973	3526	25438
974	3530	25437
975	3533	25428
976	3539	25442
977	3541	25430
978	3544	25416
979	3546	25401
980	3548	25389
981	3551	25382
982	3554	25372
983	3556	25355
984	3558	25344
985	3561	25334
986	3564	25330
987	3565	25303
988	3568	25294
989	3570	25282
990	3572	25268
991	3574	25252
992	3577	25242
993	3579	25226
994	3581	25216
995	3584	25207
996	3587	25199
997	3589	25187
998	3593	25180
999	3595	25168
1000	3598	25161
1001	3600	25147
1002	3605	25151
1003	3610	25155
1004	3613	25150
1005	3618	25154
1006	3621	25151
1007	3624	25144
1008	3628	25143
1009	3631	25132
1010	3634	25126
1011	3637	25114
1012	3639	25104
1013	3641	25090
1014	3646	25091
1015	3648	25078
1016	3651	25069
1017	3653	25057
1018	3656	25053
1019	3659	25042
1020	3663	25044
1021	3666	25031
1022	3669	25026
1023	3672	25020
1024	3676	25021
1025	3679	25012
1026	3680	24990
1027	3683	24979
1028	3684	24957
1029	3686	24948
1030	3689	24940
1031	3693	24935
1032	3696	24927
1033	3699	24926
1034	3702	24917
1035	3705	24907
1036	3709	24904
1037	3711	24892
1038	3714	24883
1039	3714	24860
1040	3717	24851
1041	3719	24840
1042	3721	24823
1043	3724	24817
1044	3727	24806
1045	3731	24810
1046	3734	24802
1047	3739	24803
1048	3740	24788
1049	3743	24780
1050	3745	24767
1051	3749	24763
1052	3751	24747
1053	3756	24759
1054	3759	24751
1055	3762	24740
1056	3767	24745
1057	3771	24748
1058	3776	24751
1059	3779	24741
1060	3782	24739
1061	3793	24780
1062	3799	24793
1063	3801	24781
1064	3805	24777
1065	3808	24771
1066	3809	24754
1067	3813	24750
1068	3819	24765
1069	3822	24758
1070	3826	24755
1071	3829	24750
1072	3835	24761
1073	3838	24752
1074	3842	24750
1075	3845	24744
1076	3848	24741
1077	3852	24737
1078	3856	24733
1079	3858	24724
1080	3862	24720
1081	3864	24708
1082	3865	24689
1083	3868	24679
1084	3870	24670
1085	3874	24663
1086	3879	24673
1087	3887	24695
1088	3890	24690
1089	3894	24689
1090	3897	24679
1091	3900	24675
1092	3900	24650
1093	3913	24706
1094	3915	24690
1095	3917	24676
1096	3928	24720
1097	3932	24721
1098	3937	24727
1099	3946	24757
1100	3951	24757
1101	3958	24779
1102	3966	24804
1103	3968	24786
1104	3971	24782
1105	3975	24780
1106	3981	24794
1107	3988	24807
1108	3996	24834
1109	3999	24827
1110	4005	24834
1111	4024	24930
1112	4028	24929
1113	4031	24919
1114	4037	24931
1115	4041	24928
1116	4043	24914
1117	4045	24905
1118	4049	24901
1119	4053	24899
1120	4055	24889
1121	4059	24882
1122	4062	24876
1123	4065	24872
1124	4069	24868
1125	4071	24852
1126	4074	24845
1127	4076	24835
1128	4080	24831
1129	4083	24827
1130	4087	24826
1131	4090	24816
1132	4093	24808
1133	4095	24799
1134	4098	24790
1135	4101	24780
1136	4104	24777
1137	4107	24767
1138	4109	24757
1139	4112	24746
1140	4114	24735
1141	4117	24724
1142	4121	24725
1143	4123	24712
1144	4126	24704
1145	4128	24692
1146	4131	24686
1147	4132	24667
1148	4135	24657
1149	4135	24633
1150	4137	24622
1151	4141	24619
1152	4144	24610
1153	4147	24606
1154	4150	24596
1155	4153	24588
1156	4154	24574
1157	4159	24573
1158	4161	24562
1159	4164	24553
1160	4166	24545
1161	4169	24536
1162	4172	24527
1163	4175	24519
1164	4177	24510
1165	4180	24500
1166	4182	24487
1167	4184	24476
1168	4186	24463
1169	4189	24457
1170	4191	24446
1171	4194	24436
1172	4194	24413
1173	4197	24403
1174	4199	24393
1175	4201	24381
1176	4206	24384
1177	4209	24377
1178	4210	24359
1179	4213	24350
1180	4214	24331
1181	4216	24323
1182	4220	24322
1183	4224	24320
1184	4226	24309
1185	4229	24301
1186	4232	24290
1187	4235	24283
1188	4237	24275
1189	4240	24267
1190	4243	24258
1191	4243	24238
1192	4246	24228
1193	4254	24249
1194	4256	24237
1195	4259	24233
1196	4263	24232
1197	4266	24225
1198	4270	24225
1199	4276	24233
1200	4279	24227
1201	4283	24224
1202	4286	24220
1203	4290	24219
1204	4294	24219
1205	4299	24219
1206	4301	24207
1207	4304	24203
1208	4306	24192
1209	4310	24186
1210	4313	24183
1211	4317	24180
1212	4319	24168
1213	4321	24158
1214	4324	24147
1215	4327	24141
1216	4329	24132
1217	4332	24123
1218	4334	24112
1219	4337	24103
1220	4337	24081
1221	4339	24069
1222	4342	24060
1223	4344	24049
1224	4346	24040
1225	4348	24027
1226	4350	24015
1227	4353	24006
1228	4355	23994
1229	4357	23983
1230	4359	23971
1231	4361	23961
1232	4363	23949
1233	4366	23941
1234	4369	23933
1235	4370	23919
1236	4373	23913
1237	4376	23902
1238	4378	23892
1239	4380	23880
1240	4383	23873
1241	4385	23861
1242	4387	23852
1243	4389	23841
1244	4393	23835
1245	4395	23826
1246	4398	23821
1247	4401	23812
1248	4404	23806
1249	4408	23803
1250	4411	23797
1251	4413	23789
1252	4416	23782
1253	4419	23773
1254	4422	23770
1255	4425	23761
1256	4428	23758
1257	4431	23748
1258	4434	23743
1259	4436	23733
1260	4441	23736
1261	4444	23729
1262	4449	23733
1263	4454	23737
1264	4457	23731
1265	4461	23729
1266	4465	23728
1267	4470	23734
1268	4473	23728
1269	4476	23723
1270	4480	23721
1271	4486	23730
1272	4490	23731
1273	4493	23723
1274	4495	23711
1275	4497	23700
1276	4500	23694
1277	4502	23682
1278	4505	23676
1279	4508	23671
1280	4511	23662
1281	4514	23658
1282	4518	23657
1283	4522	23653
1284	4524	23644
1285	4528	23642
1286	4534	23652
1287	4536	23642
1288	4540	23636
1289	4542	23625
1290	4545	23621
1291	4548	23617
1292	4552	23616
1293	4555	23607
1294	4556	23593
1295	4558	23582
1296	4564	23589
1297	4566	23580
1298	4571	23582
1299	4574	23575
1300	4581	23588
1301	4584	23581
1302	4588	23585
1303	4593	23586
1304	4596	23583
1305	4599	23574
1306	4603	23572
1307	4608	23576
1308	4613	23584
1309	4616	23576
1310	4620	23575
1311	4624	23571
1312	4626	23562
1313	4630	23560
1314	4632	23551
1315	4635	23543
1316	4638	23539
1317	4641	23532
1318	4644	23524
1319	4646	23515
1320	4650	23513
1321	4653	23506
1322	4657	23505
1323	4660	23499
1324	4662	23490
1325	4665	23483
1326	4668	23475
1327	4672	23473
1328	4675	23468
1329	4678	23463
1330	4681	23457
1331	4685	23455
1332	4686	23441
1333	4688	23430
1334	4691	23419
1335	4701	23450
1336	4701	23431
1337	4704	23424
1338	4709	23427
1339	4711	23417
1340	4714	23411
1341	4719	23412
1342	4722	23408
1343	4725	23402
1344	4730	23405
1345	4733	23398
1346	4735	23389
1347	4738	23385
1348	4740	23374
1349	4743	23368
1350	4747	23363
1351	4750	23357
1352	4752	23350
1353	4755	23340
1354	4757	23330
1355	4759	23321
1356	4762	23312
1357	4764	23302
1358	4766	23293
1359	4769	23284
1360	4771	23273
1361	4773	23265
1362	4775	23255
1363	4778	23248
1364	4780	23237
1365	4781	23220
1366	4781	23200
1367	4783	23189
1368	4785	23181
1369	4788	23174
1370	4790	23164
1371	4793	23158
1372	4794	23141
1373	4796	23132
1374	4798	23121
1375	4800	23108
1376	4803	23101
1377	4805	23092
1378	4807	23083
1379	4811	23080
1380	4813	23072
1381	4816	23065
1382	4819	23059
1383	4822	23052
1384	4831	23075
1385	4834	23070
1386	4837	23062
1387	4842	23068
1388	4845	23061
1389	4846	23046
1390	4849	23040
1391	4852	23035
1392	4856	23035
1393	4859	23030
1394	4861	23017
1395	4863	23009
1396	4867	23005
1397	4870	22998
1398	4875	23003
1399	4879	23004
1400	4885	23013
1401	4889	23008
1402	4891	23002
1403	4894	22994
1404	4897	22987
1405	4899	22976
1406	4901	22966
1407	4903	22956
1408	4905	22948
1409	4906	22933
1410	4909	22927
1411	4911	22915
1412	4914	22909
1413	4917	22902
1414	4918	22890
1415	4922	22886
1416	4924	22877
1417	4927	22870
1418	4930	22866
1419	4934	22865
1420	4936	22856
1421	4939	22850
1422	4940	22834
1423	4941	22821
1424	4945	22817
1425	4950	22820
1426	4953	22816
1427	4957	22817
1428	4960	22811
1429	4965	22814
1430	4971	22819
1431	4973	22810
1432	4976	22806
1433	4982	22812
1434	4989	22827
1435	4998	22847
1436	5004	22855
1437	5010	22865
1438	5013	22858
1439	5016	22853
1440	5018	22844
1441	5023	22846
1442	5027	22847
1443	5030	22840
1444	5033	22834
1445	5036	22828
1446	5039	22822
1447	5043	22820
1448	5046	22813
1449	5048	22805
1450	5050	22796
1451	5053	22788
1452	5056	22782
1453	5057	22769
1454	5060	22762
1455	5063	22757
1456	5069	22763
1457	5073	22766
1458	5080	22776
1459	5084	22773
1460	5088	22773
1461	5091	22769
1462	5097	22774
1463	5100	22771
1464	5104	22770
1465	5107	22763
1466	5110	22760
1467	5114	22756
1468	5121	22769
1469	5122	22755
1470	5125	22748
1471	5127	22738
1472	5131	22738
1473	5136	22741
1474	5140	22738
1475	5145	22741
1476	5147	22732
1477	5153	22738
1478	5153	22723
1479	5156	22717
1480	5159	22711
1481	5163	22708
1482	5166	22704
1483	5167	22690
1484	5170	22683
1485	5170	22667
1486	5173	22657
1487	5175	22651
1488	5178	22643
1489	5182	22641
1490	5184	22633
1491	5188	22630
1492	5192	22628
1493	5196	22629
1494	5199	22622
1495	5201	22615
1496	5202	22601
1497	5204	22591
1498	5207	22584
1499	5210	22580
1500	5213	22572
1501	5215	22563
1502	5216	22551
1503	5219	22545
1504	5222	22536
1505	5225	22533
1506	5228	22528
1507	5230	22519
1508	5233	22511
1509	5235	22502
1510	5237	22493
1511	5239	22483
1512	5242	22476
1513	5244	22467
1514	5245	22454
1515	5246	22440
1516	5247	22424
1517	5248	22412
1518	5251	22404
1519	5253	22396
1520	5254	22381
1521	5256	22373
1522	5256	22356
1523	5259	22348
1524	5261	22340
1525	5264	22333
1526	5266	22325
1527	5268	22315
1528	5271	22309
1529	5273	22302
1530	5276	22294
1531	5278	22284
1532	5280	22277
1533	5282	22268
1534	5285	22261
1535	5287	22251
1536	5290	22244
1537	5292	22234
1538	5295	22230
1539	5297	22222
1540	5298	22210
1541	5301	22201
1542	5304	22195
1543	5304	22179
1544	5306	22169
1545	5309	22164
1546	5312	22160
1547	5315	22154
1548	5319	22153
1549	5321	22146
1550	5324	22141
1551	5325	22126
1552	5325	22109
1553	5327	22099
1554	5331	22096
1555	5333	22089
1556	5334	22076
1557	5335	22063
1558	5338	22056
1559	5342	22053
1560	5344	22045
1561	5347	22040
1562	5350	22035
1563	5353	22028
1564	5355	22021
1565	5356	22009
1566	5357	21993
1567	5359	21986
1568	5360	21970
1569	5363	21966
1570	5367	21964
1571	5370	21959
1572	5376	21966
1573	5379	21962
1574	5383	21961
1575	5386	21956
1576	5389	21949
1577	5389	21935
1578	5392	21929
1579	5396	21928
1580	5399	21920
1581	5400	21909
1582	5403	21903
1583	5403	21887
1584	5406	21880
1585	5408	21872
1586	5411	21867
1587	5413	21860
1588	5416	21852
1589	5418	21845
1590	5422	21841
1591	5424	21835
1592	5427	21830
1593	5429	21821
1594	5432	21814
1595	5434	21804
1596	5436	21798
1597	5439	21791
1598	5441	21784
1599	5444	21777
1600	5447	21772
1601	5449	21765
1602	5451	21756
1603	5454	21750
1604	5457	21743
1605	5460	21738
1606	5462	21732
1607	5465	21726
1608	5470	21728
1609	5471	21715
1610	5474	21710
1611	5476	21702
1612	5478	21692
1613	5478	21676
1614	5479	21662
1615	5480	21650
1616	5483	21646
1617	5485	21638
1618	5488	21631
1619	5490	21623
1620	5493	21617
1621	5494	21606
1622	5497	21599
1623	5500	21593
1624	5502	21585
1625	5505	21582
1626	5507	21574
1627	5512	21577
1628	5514	21567
1629	5518	21564
1630	5521	21562
1631	5522	21550
1632	5525	21545
1633	5527	21536
1634	5532	21538
1635	5537	21540
1636	5541	21537
1637	5543	21531
1638	5547	21531
1639	5551	21529
1640	5555	21526
1641	5557	21519
1642	5561	21516
1643	5561	21502
1644	5567	21506
1645	5570	21504
1646	5573	21499
1647	5576	21493
1648	5579	21490
1649	5583	21486
1650	5585	21479
1651	5587	21469
1652	5589	21463
1653	5591	21454
1654	5594	21450
1655	5598	21448
1656	5601	21440
1657	5603	21434
1658	5606	21427
1659	5608	21419
1660	5610	21412
1661	5613	21408
1662	5615	21397
1663	5617	21391
1664	5620	21384
1665	5623	21378
1666	5627	21378
1667	5628	21368
1668	5633	21367
1669	5635	21361
1670	5640	21365
1671	5647	21375
1672	5661	21412
1673	5669	21424
1674	5670	21411
1675	5672	21404
1676	5675	21398
1677	5679	21397
1678	5683	21395
1679	5687	21396
1680	5695	21411
1681	5696	21398
1682	5702	21403
1683	5708	21409
1684	5712	21409
1685	5715	21404
1686	5719	21401
1687	5723	21402
1688	5728	21405
1689	5731	21399
1690	5732	21388
1691	5735	21383
1692	5743	21397
1693	5751	21408
1694	5757	21414
1695	5760	21412
1696	5764	21410
1697	5768	21408
1698	5771	21402
1699	5773	21397
1700	5777	21396
1701	5781	21394
1702	5782	21382
1703	5802	21439
1704	5806	21439
1705	5810	21437
1706	5817	21446
1707	5820	21440
1708	5825	21444
1709	5829	21443
1710	5830	21429
1711	5834	21429
1712	5842	21444
1713	5847	21444
1714	5849	21436
1715	5853	21436
1716	5856	21429
1717	5859	21426
1718	5863	21423
1719	5873	21445
1720	5877	21444
1721	5877	21429
1722	5882	21429
1723	5886	21428
1724	5888	21421
1725	5891	21415
1726	5893	21408
1727	5895	21397
1728	5898	21393
1729	5898	21378
1730	5900	21370
1731	5906	21376
1732	5909	21370
1733	5912	21365
1734	5915	21361
1735	5918	21357
1736	5919	21343
1737	5923	21343
1738	5926	21338
1739	5928	21330
1740	5931	21323
1741	5933	21316
1742	5935	21307
1743	5938	21304
1744	5940	21294
1745	5943	21287
1746	5946	21282
1747	5947	21273
1748	5954	21280
1749	5956	21274
1750	5957	21262
1751	5961	21258
1752	5963	21252
1753	5969	21255
1754	5972	21252
1755	5974	21243
1756	5977	21237
1757	5980	21233
1758	5984	21233
1759	5989	21234
1760	5993	21232
1761	5997	21231
1762	6001	21230
1763	6003	21221
1764	6006	21219
1765	6009	21213
1766	6015	21218
1767	6017	21212
1768	6021	21210
1769	6024	21203
1770	6026	21197
1771	6030	21195
1772	6034	21193
1773	6036	21185
1774	6039	21180
1775	6041	21173
1776	6046	21173
1777	6049	21168
1778	6052	21165
1779	6054	21158
1780	6058	21154
1781	6063	21158
1782	6067	21154
1783	6071	21154
1784	6077	21159
1785	6079	21153
1786	6083	21150
1787	6085	21143
1788	6089	21141
1789	6093	21141
1790	6096	21136
1791	6099	21129
1792	6102	21125
1793	6105	21119
1794	6111	21125
1795	6113	21119
1796	6118	21120
1797	6124	21125
1798	6128	21123
1799	6130	21117
1800	6134	21115
1801	6139	21116
1802	6143	21113
1803	6146	21109
1804	6149	21105
1805	6149	21092
1806	6152	21087
1807	6154	21078
1808	6157	21071
1809	6159	21064
1810	6163	21062
1811	6165	21053
1812	6168	21049
1813	6170	21041
1814	6173	21036
1815	6175	21028
1816	6178	21024
1817	6180	21016
1818	6183	21012
1819	6186	21007
1820	6189	21001
1821	6191	20993
1822	6194	20990
1823	6198	20988
1824	6201	20982
1825	6204	20976
1826	6206	20971
1827	6209	20966
1828	6212	20961
1829	6214	20953
1830	6217	20947
1831	6219	20941
1832	6222	20936
1833	6224	20928
1834	6227	20922
1835	6228	20912
1836	6231	20906
1837	6233	20896
1838	6236	20892
1839	6238	20885
1840	6240	20878
1841	6243	20871
1842	6246	20866
1843	6248	20861
1844	6250	20853
1845	6253	20847
1846	6256	20841
1847	6257	20830
1848	6261	20829
1849	6265	20827
1850	6269	20825
1851	6271	20820
1852	6286	20853
1853	6290	20851
1854	6297	20862
1855	6301	20859
1856	6304	20856
1857	6307	20849
1858	6316	20864
1859	6318	20857
1860	6321	20853
1861	6325	20853
1862	6329	20850
1863	6332	20844
1864	6334	20838
1865	6335	20826
1866	6338	20822
1867	6342	20818
1868	6344	20813
1869	6350	20816
1870	6363	20844
1871	6370	20854
1872	6372	20845
1873	6375	20841
1874	6378	20836
1875	6382	20833
1876	6385	20829
1877	6389	20827
1878	6391	20821
1879	6394	20816
1880	6397	20811
1881	6400	20806
1882	6403	20803
1883	6407	20799
1884	6410	20795
1885	6413	20792
1886	6414	20779
1887	6419	20781
1888	6422	20778
1889	6426	20776
1890	6431	20778
1891	6435	20776
1892	6451	20812
1893	6462	20833
1894	6466	20832
1895	6470	20832
1896	6474	20830
1897	6482	20840
1898	6493	20860
1899	6501	20874
1900	6505	20872
1901	6507	20863
1902	6517	20880
1903	6523	20885
1904	6527	20883
1905	6531	20883
1906	6536	20883
1907	6541	20887
1908	6550	20899
1909	6555	20901
1910	6557	20894
1911	6577	20942
1912	6590	20971
1913	6611	21022
1914	6632	21073
1915	6639	21084
1916	6646	21089
1917	6653	21099
1918	6661	21110
1919	6666	21110
1920	6674	21120
1921	6682	21132
1922	6686	21131
1923	6689	21124
1924	6693	21123
1925	6693	21110
1926	6698	21109
1927	6705	21117
1928	6707	21109
1929	6709	21100
1930	6712	21096
1931	6717	21097
1932	6720	21092
1933	6725	21095
1934	6733	21105
1935	6736	21100
1936	6741	21102
1937	6742	21091
1938	6749	21098
1939	6752	21091
1940	6756	21090
1941	6761	21090
1942	6765	21089
1943	6768	21084
1944	6770	21077
1945	6771	21064
1946	6773	21058
1947	6777	21057
1948	6781	21055
1949	6784	21050
1950	6787	21045
1951	6791	21043
1952	6796	21042
1953	6799	21039
1954	6802	21033
1955	6807	21035
1956	6810	21031
1957	6814	21027
1958	6816	21020
1959	6819	21015
1960	6821	21007
1961	6825	21005
1962	6828	20999
1963	6831	20995
1964	6835	20993
1965	6838	20988
1966	6842	20985
1967	6844	20978
1968	6846	20970
1969	6849	20966
1970	6851	20956
1971	6854	20952
1972	6857	20947
1973	6858	20938
1974	6861	20931
1975	6865	20929
1976	6870	20932
1977	6876	20934
1978	6880	20934
1979	6883	20929
1980	6884	20916
1981	6889	20918
1982	6893	20916
1983	6896	20913
1984	6901	20911
1985	6907	20917
1986	6909	20909
1987	6912	20903
1988	6914	20897
1989	6918	20893
1990	6921	20889
1991	6924	20886
1992	6927	20879
1993	6928	20867
1994	6930	20859
1995	6932	20853
1996	6936	20852
1997	6939	20845
1998	6940	20834
1999	6942	20827
2000	6944	20821
2001	6947	20816
2002	6951	20812
2003	6954	20806
2004	6956	20799
2005	6959	20793
2006	6962	20790
2007	7027	20970
2008	7030	20964
2009	7033	20960
2010	7037	20958
2011	7038	20946
2012	7041	20942
2013	7058	20980
2014	7061	20975
2015	7066	20976
2016	7072	20979
2017	7079	20986
2018	7083	20984
2019	7085	20975
2020	7087	20969
2021	7090	20964
2022	7091	20953
2023	7094	20947
2024	7097	20941
2025	7100	20936
2026	7102	20929
2027	7105	20924
2028	7107	20917
2029	7110	20911
2030	7113	20905
2031	7115	20899
2032	7117	20890
2033	7120	20884
2034	7122	20877
2035	7123	20865
2036	7125	20858
2037	7126	20847
2038	7127	20836
2039	7129	20829
2040	7132	20824
2041	7135	20818
2042	7137	20811
2043	7140	20806
2044	7143	20802
2045	7145	20795
2046	7148	20789
2047	7151	20783
2048	7153	20777
2049	7158	20776
2050	7160	20768
2051	7160	20756
2052	7162	20749
2053	7165	20742
2054	7168	20737
2055	7170	20730
2056	7174	20726
2057	7175	20718
2058	7178	20713
2059	7181	20708
2060	7184	20701
2061	7186	20696
2062	7189	20689
2063	7191	20682
2064	7195	20680
2065	7199	20677
2066	7202	20674
2067	7206	20671
2068	7211	20672
2069	7219	20681
2070	7221	20674
2071	7224	20670
2072	7227	20663
2073	7230	20658
2074	7231	20649
2075	7234	20645
2076	7237	20638
2077	7238	20627
2078	7242	20626
2079	7244	20619
2080	7248	20618
2081	7250	20609
2082	7253	20603
2083	7254	20594
2084	7260	20598
2085	7264	20595
2086	7268	20592
2087	7270	20586
2088	7274	20582
2089	7276	20576
2090	7278	20567
2091	7280	20561
2092	7282	20553
2093	7285	20547
2094	7287	20541
2095	7289	20534
2096	7292	20529
2097	7296	20524
2098	7298	20519
2099	7301	20514
2100	7304	20509
2101	7306	20502
2102	7309	20497
2103	7313	20493
2104	7316	20489
2105	7323	20495
2106	7328	20495
2107	7331	20490
2108	7332	20481
2109	7335	20476
2110	7335	20464
2111	7338	20460
2112	7345	20464
2113	7348	20459
2114	7349	20448
2115	7353	20446
2116	7358	20449
2117	7361	20445
2118	7365	20443
2119	7369	20438
2120	7372	20433
2121	7377	20434
2122	7379	20428
2123	7381	20421
2124	7386	20421
2125	7390	20418
2126	7395	20419
2127	7400	20421
2128	7405	20422
2129	7409	20418
2130	7412	20414
2131	7417	20415
2132	7418	20405
2133	7420	20396
2134	7424	20396
2135	7428	20393
2136	7435	20400
2137	7444	20411
2138	7449	20413
2139	7455	20415
2140	7466	20432
2141	7469	20428
2142	7473	20425
2143	7479	20428
2144	7482	20423
2145	7487	20424
2146	7489	20417
2147	7494	20416
2148	7497	20413
2149	7504	20418
2150	7509	20420
2151	7515	20422
2152	7519	20419
2153	7524	20420
2154	7527	20415
2155	7532	20416
2156	7538	20421
2157	7553	20447
2158	7559	20451
2159	7565	20454
2160	7571	20457
2161	7579	20466
2162	7591	20486
2163	7598	20491
2164	7601	20488
2165	7609	20494
2166	7613	20493
2167	7624	20511
2168	7635	20527
2169	7642	20531
2170	7658	20563
2171	7661	20558
2172	7665	20554
2173	7668	20549
2174	7671	20546
2175	7675	20543
2176	7684	20554
2177	7704	20593
2178	7709	20595
2179	7711	20587
2180	7714	20582
2181	7717	20577
2182	7720	20571
2183	7723	20567
2184	7726	20561
2185	7727	20551
2186	7730	20547
2187	7732	20540
2188	7736	20536
2189	7738	20531
2190	7741	20525
2191	7744	20519
2192	7747	20515
2193	7751	20511
2194	7755	20509
2195	7759	20507
2196	7763	20506
2197	7769	20508
2198	7773	20507
2199	7776	20502
2200	7780	20500
2201	7785	20499
2202	7790	20499
2203	7791	20488
2204	7795	20487
2205	7802	20494
2206	7805	20488
2207	7810	20489
2208	7814	20486
2209	7821	20491
2210	7824	20485
2211	7835	20503
2212	7836	20491
2213	7840	20491
2214	7845	20491
2215	7849	20486
2216	7852	20484
2217	7855	20478
2218	7863	20486
2219	7866	20480
2220	7870	20478
2221	7874	20477
2222	7885	20493
2223	7900	20517
2224	7905	20519
2225	7912	20523
2226	7920	20532
2227	7930	20546
2228	7934	20543
2229	7940	20546
2230	7965	20598
2231	7973	20606
2232	7980	20610
2233	7985	20609
2234	7989	20607
2235	7992	20603
2236	7993	20593
2237	7996	20588
2238	7998	20581
2239	8003	20579
2240	8005	20572
2241	8010	20573
2242	8013	20567
2243	8018	20566
2244	8021	20563
2245	8025	20559
2246	8027	20551
2247	8035	20559
2248	8038	20554
2249	8042	20552
2250	8046	20551
2251	8053	20555
2252	8054	20546
2253	8059	20545
2254	8059	20533
2255	8062	20527
2256	8066	20525
2257	8069	20520
2258	8074	20520
2259	8080	20522
2260	8081	20512
2261	8081	20501
2262	8086	20500
2263	8093	20505
2264	8099	20508
2265	8105	20511
2266	8117	20528
2267	8121	20526
2268	8124	20520
2269	8128	20518
2270	8129	20509
2271	8132	20502
2272	8133	20493
2273	8138	20492
2274	8138	20480
2275	8143	20480
2276	8146	20476
2277	8149	20471
2278	8154	20470
2279	8158	20468
2280	8161	20463
2281	8163	20454
2282	8165	20447
2283	8166	20436
2284	8168	20429
2285	8170	20423
2286	8174	20418
2287	8177	20414
2288	8180	20409
2289	8182	20401
2290	8182	20389
2291	8185	20384
2292	8187	20378
2293	8203	20404
2294	8204	20396
2295	8207	20391
2296	8210	20385
2297	8214	20382
2298	8215	20371
2299	8217	20365
2300	8220	20360
2301	8223	20355
2302	8225	20348
2303	8229	20344
2304	8231	20338
2305	8234	20333
2306	8235	20322
2307	8238	20316
2308	8241	20311
2309	8243	20304
2310	8246	20299
2311	8249	20294
2312	8252	20291
2313	8255	20285
2314	8258	20280
2315	8260	20273
2316	8264	20270
2317	8266	20264
2318	8269	20258
2319	8271	20251
2320	8274	20246
2321	8277	20240
2322	8280	20234
2323	8282	20228
2324	8286	20226
2325	8288	20219
2326	8291	20213
2327	8293	20205
2328	8295	20200
2329	8299	20195
2330	8301	20190
2331	8303	20182
2332	8306	20176
2333	8308	20169
2334	8311	20164
2335	8314	20160
2336	8317	20154
2337	8320	20149
2338	8322	20142
2339	8325	20137
2340	8328	20131
2341	8331	20127
2342	8333	20120
2343	8336	20115
2344	8338	20108
2345	8341	20104
2346	8345	20100
2347	8359	20122
2348	8362	20117
2349	8364	20110
2350	8367	20105
2351	8369	20098
2352	8372	20093
2353	8374	20086
2354	8377	20081
2355	8379	20073
2356	8382	20067
2357	8384	20061
2358	8387	20056
2359	8390	20050
2360	8394	20049
2361	8397	20044
2362	8399	20038
2363	8402	20032
2364	8405	20027
2365	8406	20017
2366	8409	20012
2367	8412	20006
2368	8414	20000
2369	8417	19995
2370	8417	19985
2371	8420	19978
2372	8421	19970
2373	8424	19964
2374	8426	19957
2375	8428	19951
2376	8431	19944
2377	8433	19938
2378	8433	19927
2379	8434	19915
2380	8436	19909
2381	8439	19905
2382	8442	19898
2383	8445	19895
2384	8447	19888
2385	8450	19883
2386	8453	19877
2387	8456	19873
2388	8458	19866
2389	8461	19860
2390	8463	19855
2391	8465	19847
2392	8467	19840
2393	8470	19835
2394	8473	19829
2395	8475	19823
2396	8477	19817
2397	8479	19809
2398	8481	19802
2399	8483	19795
2400	8486	19790
2401	8489	19785
2402	8490	19775
2403	8492	19767
2404	8492	19757
2405	8494	19750
2406	8496	19742
2407	8498	19736
2408	8501	19730
2409	8503	19724
2410	8505	19717
2411	8508	19711
2412	8510	19704
2413	8512	19698
2414	8512	19686
2415	8515	19682
2416	8519	19679
2417	8522	19674
2418	8523	19665
2419	8527	19661
2420	8531	19661
2421	8536	19659
2422	8539	19655
2423	8541	19647
2424	8548	19651
2425	8555	19657
2426	8564	19665
2427	8567	19660
2428	8576	19670
2429	8589	19687
2430	8598	19697
2431	8601	19692
2432	8603	19686
2433	8605	19678
2434	8610	19677
2435	8615	19678
2436	8617	19671
2437	8621	19669
2438	8627	19669
2439	8631	19667
2440	8633	19662
2441	8637	19658
2442	8643	19660
2443	8647	19657
2444	8649	19652
2445	8652	19646
2446	8656	19644
2447	8677	19681
2448	8680	19675
2449	8683	19671
2450	8689	19672
2451	8691	19665
2452	8694	19661
2453	8699	19659
2454	8731	19720
2455	8756	19765
2456	8762	19768
2457	8766	19765
2458	8768	19758
2459	8773	19758
2460	8777	19756
2461	8795	19785
2462	8798	19780
2463	8807	19787
2464	8811	19785
2465	8812	19776
2466	8812	19765
2467	8820	19771
2468	8826	19772
2469	8828	19766
2470	8831	19760
2471	8838	19764
2472	8842	19763
2473	8846	19760
2474	8854	19765
2475	8894	19844
2476	8897	19839
2477	8904	19842
2478	8905	19833
2479	8908	19828
2480	8910	19821
2481	8941	19877
2482	8970	19932
2483	8998	19982
2484	9011	19998
2485	9015	19996
2486	9022	20001
2487	9026	19996
2488	9027	19987
2489	9030	19984
2490	9033	19979
2491	9038	19977
2492	9044	19979
2493	9049	19977
2494	9049	19966
2495	9051	19960
2496	9058	19963
2497	9060	19956
2498	9066	19957
2499	9074	19964
2500	9082	19968
2501	9086	19968
2502	9094	19972
2503	9094	19961
2504	9099	19960
2505	9102	19956
2506	9106	19953
2507	9110	19950
2508	9112	19943
2509	9115	19938
2510	9118	19932
2511	9122	19930
2512	9125	19924
2513	9128	19920
2514	9129	19910
2515	9131	19904
2516	9134	19898
2517	9142	19903
2518	9144	19896
2519	9147	19891
2520	9150	19886
2521	9159	19894
2522	9163	19891
2523	9166	19887
2524	9173	19890
2525	9176	19886
2526	9180	19882
2527	9186	19884
2528	9189	19879
2529	9191	19872
2530	9194	19868
2531	9195	19859
2532	9201	19859
2533	9204	19854
2534	9207	19850
2535	9209	19842
2536	9212	19837
2537	9216	19834
2538	9219	19829
2539	9223	19825
2540	9226	19821
2541	9231	19821
2542	9236	19821
2543	9239	19815
2544	9242	19810
2545	9245	19805
2546	9255	19816
2547	9258	19809
2548	9260	19802
2549	9266	19803
2550	9267	19796
2551	9270	19790
2552	9272	19783
2553	9274	19776
2554	9276	19768
2555	9279	19764
2556	9281	19757
2557	9283	19750
2558	9287	19746
2559	9289	19740
2560	9293	19738
2561	9297	19734
2562	9299	19727
2563	9300	19717
2564	9303	19714
2565	9309	19714
2566	9312	19710
2567	9316	19706
2568	9329	19722
2569	9335	19725
2570	9344	19732
2571	9351	19735
2572	9365	19754
2573	9372	19757
2574	9375	19752
2575	9381	19752
2576	9391	19762
2577	9413	19798
2578	9417	19794
2579	9422	19793
2580	9425	19788
2581	9428	19783
2582	9431	19779
2583	9436	19779
2584	9439	19774
2585	9444	19772
2586	9448	19770
2587	9452	19767
2588	9456	19763
2589	9460	19760
2590	9464	19758
2591	9469	19757
2592	9472	19752
2593	9477	19751
2594	9486	19758
2595	9491	19757
2596	9495	19755
2597	9515	19786
2598	9521	19787
2599	9525	19784
2600	9536	19796
2601	9543	19799
2602	9549	19798
2603	9553	19795
2604	9556	19791
2605	9561	19790
2606	9563	19784
2607	9569	19785
2608	9571	19777
2609	9574	19772
2610	9578	19770
2611	9583	19768
2612	9584	19760
2613	9587	19755
2614	9590	19749
2615	9594	19746
2616	9598	19742
2617	9600	19737
2618	9604	19732
2619	9607	19729
2620	9612	19726
2621	9614	19721
2622	9617	19715
2623	9620	19710
2624	9623	19705
2625	9623	19695
2626	9626	19688
2627	9628	19683
2628	9631	19677
2629	9635	19673
2630	9639	19670
2631	9642	19665
2632	9644	19659
2633	9649	19657
2634	9652	19653
2635	9658	19654
2636	9662	19651
2637	9666	19647
2638	9674	19652
2639	9678	19650
2640	9683	19649
2641	9689	19649
2642	9691	19643
2643	9696	19641
2644	9700	19638
2645	9704	19637
2646	9708	19633
2647	9713	19632
2648	9716	19626
2649	9722	19628
2650	9725	19622
2651	9726	19614
2652	9728	19608
2653	9731	19601
2654	9737	19603
2655	9741	19599
2656	9745	19597
2657	9751	19597
2658	9754	19593
2659	9757	19589
2660	9762	19586
2661	9765	19582
2662	9769	19578
2663	9769	19568
2664	9773	19565
2665	9781	19570
2666	9786	19568
2667	9787	19561
2668	9791	19557
2669	9797	19557
2670	9802	19557
2671	9809	19560
2672	9810	19551
2673	9816	19552
2674	9821	19551
2675	9838	19574
2676	9845	19576
2677	9850	19575
2678	9854	19572
2679	9855	19564
2680	9861	19564
2681	9865	19561
2682	9877	19574
2683	9882	19574
2684	9901	19600
2685	9909	19604
2686	9913	19602
2687	9917	19598
2688	9926	19604
2689	9936	19613
2690	9945	19620
2691	9951	19622
2692	9957	19621
2693	9961	19619
2694	9966	19618
2695	9969	19613
2696	9975	19614
2697	9979	19610
2698	9986	19613
2699	9991	19611
2700	9993	19605
2701	9998	19605
2702	10004	19605
2703	10008	19603
2704	10028	19630
2705	10031	19625
2706	10035	19621
2707	10038	19618
2708	10044	19618
2709	10048	19615
2710	10050	19607
2711	10053	19602
2712	10057	19599
2713	10062	19599
2714	10066	19595
2715	10073	19598
2716	10077	19595
2717	10083	19595
2718	10089	19596
2719	10095	19596
2720	10099	19594
2721	10103	19591
2722	10107	19587
2723	10115	19592
2724	10120	19591
2725	10131	19601
2726	10135	19599
2727	10140	19596
2728	10144	19594
2729	10146	19587
2730	10149	19581
2731	10153	19577
2732	10158	19577
2733	10162	19573
2734	10169	19577
2735	10175	19577
2736	10179	19575
2737	10184	19572
2738	10192	19577
2739	10195	19572
2740	10199	19568
2741	10202	19564
2742	10205	19559
2743	10208	19553
2744	10211	19549
2745	10215	19545
2746	10220	19545
2747	10224	19540
2748	10225	19531
2749	10227	19525
2750	10230	19520
2751	10234	19516
2752	10238	19513
2753	10241	19508
2754	10244	19503
2755	10247	19498
2756	10250	19493
2757	10252	19486
2758	10255	19480
2759	10258	19476
2760	10260	19469
2761	10264	19465
2762	10267	19461
2763	10269	19453
2764	10270	19444
2765	10272	19439
2766	10275	19433
2767	10278	19428
2768	10283	19426
2769	10286	19422
2770	10290	19417
2771	10291	19409
2772	10293	19402
2773	10293	19392
2774	10298	19390
2775	10300	19384
2776	10303	19379
2777	10305	19372
2778	10308	19367
2779	10312	19363
2780	10316	19359
2781	10319	19355
2782	10321	19348
2783	10325	19345
2784	10331	19345
2785	10335	19342
2786	10338	19337
2787	10343	19337
2788	10347	19332
2789	10351	19330
2790	10354	19325
2791	10357	19319
2792	10359	19313
2793	10361	19306
2794	10364	19301
2795	10366	19294
2796	10370	19291
2797	10372	19285
2798	10375	19279
2799	10378	19274
2800	10381	19268
2801	10383	19262
2802	10384	19253
2803	10388	19250
2804	10391	19244
2805	10392	19237
2806	10395	19232
2807	10398	19226
2808	10401	19221
2809	10404	19216
2810	10407	19211
2811	10410	19206
2812	10413	19201
2813	10416	19197
2814	10419	19192
2815	10422	19186
2816	10423	19178
2817	10426	19173
2818	10429	19168
2819	10432	19163
2820	10436	19159
2821	10438	19153
2822	10442	19149
2823	10442	19140
2824	10445	19134
2825	10448	19129
2826	10450	19123
2827	10451	19113
2828	10451	19103
2829	10454	19098
2830	10456	19092
2831	10461	19090
2832	10464	19086
2833	10468	19083
2834	10474	19082
2835	10479	19080
2836	10483	19078
2837	10489	19079
2838	10489	19069
2839	10493	19066
2840	10501	19069
2841	10504	19065
2842	10518	19079
2843	10523	19079
2844	10535	19089
2845	10539	19086
2846	10545	19087
2847	10557	19098
2848	10561	19095
2849	10565	19092
2850	10576	19101
2851	10579	19096
2852	10583	19093
2853	10587	19089
2854	10594	19091
2855	10596	19086
2856	10600	19081
2857	10602	19076
2858	10611	19080
2859	10615	19077
2860	10617	19071
2861	10621	19068
2862	10626	19066
2863	10627	19059
2864	10630	19053
2865	10634	19050
2866	10638	19046
2867	10640	19040
2868	10644	19037
2869	10645	19029
2870	10651	19029
2871	10658	19031
2872	10663	19029
2873	10670	19032
2874	10686	19050
2875	10691	19047
2876	10694	19043
2877	10695	19035
2878	10707	19045
2879	10721	19060
2880	10723	19053
2881	10726	19049
2882	10739	19060
2883	10742	19056
2884	10745	19051
2885	10750	19049
2886	10756	19049
2887	10760	19047
2888	10770	19053
2889	10776	19053
2890	10785	19059
2891	10789	19056
2892	10793	19054
2893	10802	19059
2894	10839	19113
2895	10845	19113
2896	10850	19113
2897	10853	19108
2898	10858	19106
2899	10864	19106
2900	10866	19099
2901	10870	19095
2902	10879	19102
2903	10883	19098
2904	10884	19090
2905	10892	19092
2906	10897	19091
2907	10900	19087
2908	10902	19080
2909	10907	19078
2910	10932	19111
2911	10937	19110
2912	10938	19101
2913	10947	19107
2914	10967	19131
2915	10976	19136
2916	10981	19136
2917	10991	19143
2918	10996	19141
2919	11000	19138
2920	11009	19143
2921	11014	19141
2922	11018	19138
2923	11027	19143
2924	11032	19142
2925	11045	19154
2926	11062	19172
2927	11079	19192
2928	11092	19203
2929	11106	19218
2930	11106	19208
2931	11112	19207
2932	11118	19207
2933	11123	19206
2934	11131	19209
2935	11135	19206
2936	11141	19206
2937	11145	19203
2938	11149	19199
2939	11158	19205
2940	11168	19210
2941	11170	19205
2942	11176	19204
2943	11178	19197
2944	11181	19193
2945	11185	19189
2946	11191	19188
2947	11199	19193
2948	11206	19193
2949	11212	19193
2950	11239	19229
2951	11249	19237
2952	11255	19237
2953	11265	19244
2954	11269	19240
2955	11272	19234
2956	11273	19226
2957	11274	19218
2958	11277	19212
2959	11281	19208
2960	11286	19207
2961	11294	19209
2962	11300	19210
2963	11308	19213
2964	11313	19212
2965	11319	19212
2966	11326	19213
2967	11332	19213
2968	11346	19226
2969	11359	19237
2970	11365	19238
2971	11372	19240
2972	11377	19238
2973	11440	19334
2974	11446	19334
2975	11453	19334
2976	11458	19333
2977	11474	19350
2978	11484	19357
2979	11509	19388
2980	11517	19391
2981	11523	19392
2982	11530	19393
2983	11535	19391
2984	11540	19388
2985	11547	19390
2986	11554	19391
2987	11557	19386
2988	11565	19388
2989	11569	19385
2990	11587	19406
2991	11592	19404
2992	11605	19414
2993	11620	19430
2994	11625	19427
2995	11628	19421
2996	11631	19416
2997	11634	19411
2998	11637	19406
2999	11646	19410
3000	11649	19405
3001	11652	19399
3002	11661	19404
3003	11665	19400
3004	11668	19396
3005	11669	19387
3006	11670	19378
3007	11679	19383
3008	11684	19381
3009	11686	19373
3010	11690	19369
3011	11693	19365
3012	11698	19363
3013	11704	19362
3014	11708	19359
3015	11712	19355
3016	11715	19349
3017	11719	19346
3018	11722	19341
3019	11726	19336
3020	11728	19329
3021	11732	19326
3022	11735	19321
3023	11739	19316
3024	11741	19310
3025	11745	19306
3026	11745	19297
3027	11752	19296
3028	11757	19295
3029	11760	19289
3030	11767	19291
3031	11770	19286
3032	11775	19283
3033	11776	19276
3034	11782	19275
3035	11785	19269
3036	11789	19266
3037	11792	19260
3038	11797	19258
3039	11802	19256
3040	11807	19255
3041	11811	19251
3042	11817	19250
3043	11823	19250
3044	11829	19250
3045	11835	19249
3046	11842	19250
3047	11851	19254
3048	11853	19247
3049	11862	19251
3050	11869	19252
3051	11886	19270
3052	11893	19272
3053	11898	19270
3054	11904	19269
3055	11914	19275
3056	11920	19274
3057	11925	19273
3058	11941	19288
3059	11944	19282
3060	11947	19277
3061	11949	19271
3062	11955	19270
3063	11957	19263
3064	11960	19258
3065	11964	19253
3066	11969	19251
3067	11973	19247
3068	11977	19243
3069	11980	19238
3070	11985	19236
3071	11990	19234
3072	12021	19273
3073	12032	19281
3074	12036	19278
3075	12039	19272
3076	12043	19269
3077	12047	19264
3078	12049	19258
3079	12053	19254
3080	12057	19250
3081	12058	19241
3082	12062	19237
3083	12066	19234
3084	12070	19229
3085	12070	19220
3086	12073	19214
3087	12077	19211
3088	12083	19210
3089	12085	19204
3090	12089	19199
3091	12092	19195
3092	12097	19192
3093	12100	19187
3094	12104	19183
3095	12108	19179
3096	12112	19175
3097	12131	19196
3098	12134	19190
3099	12137	19185
3100	12142	19183
3101	12146	19178
3102	12150	19174
3103	12153	19169
3104	12158	19168
3105	12162	19164
3106	12166	19159
3107	12170	19156
3108	12174	19151
3109	12177	19147
3110	12181	19142
3111	12183	19137
3112	12187	19132
3113	12190	19126
3114	12192	19120
3115	12198	19119
3116	12204	19119
3117	12209	19117
3118	12213	19112
3119	12217	19109
3120	12221	19104
3121	12222	19097
3122	12225	19091
3123	12227	19084
3124	12230	19079
3125	12234	19075
3126	12238	19072
3127	12241	19067
3128	12244	19061
3129	12245	19052
3130	12249	19048
3131	12253	19045
3132	12257	19041
3133	12259	19034
3134	12265	19033
3135	12269	19030
3136	12273	19026
3137	12275	19019
3138	12280	19017
3139	12285	19015
3140	12289	19011
3141	12297	19013
3142	12302	19011
3143	12307	19009
3144	12312	19006
3145	12316	19003
3146	12318	18996
3147	12321	18991
3148	12327	18990
3149	12332	18988
3150	12335	18982
3151	12341	18981
3152	12345	18978
3153	12349	18974
3154	12353	18970
3155	12357	18967
3156	12359	18960
3157	12364	18958
3158	12367	18953
3159	12371	18949
3160	12374	18943
3161	12380	18942
3162	12383	18937
3163	12390	18937
3164	12393	18932
3165	12396	18927
3166	12399	18922
3167	12405	18921
3168	12408	18915
3169	12411	18910
3170	12414	18905
3171	12418	18902
3172	12421	18896
3173	12425	18892
3174	12427	18886
3175	12432	18883
3176	12436	18879
3177	12439	18874
3178	12442	18869
3179	12446	18865
3180	12449	18860
3181	12454	18857
3182	12457	18852
3183	12460	18847
3184	12460	18838
3185	12465	18834
3186	12472	18836
3187	12480	18837
3188	12490	18843
3189	12503	18852
3190	12518	18866
3191	12532	18877
3192	12538	18876
3193	12541	18871
3194	12547	18870
3195	12550	18865
3196	12555	18862
3197	12559	18858
3198	12563	18854
3199	12566	18849
3200	12572	18849
3201	12590	18866
3202	12595	18863
3203	12598	18857
3204	12604	18857
3205	12607	18852
3206	12607	18843
3207	12610	18837
3208	12614	18832
3209	12618	18829
3210	12638	18849
3211	12640	18842
3212	12648	18844
3213	12664	18858
3214	12674	18863
3215	12681	18864
3216	12688	18865
3217	12694	18864
3218	12697	18859
3219	12705	18860
3220	12705	18850
3221	12708	18845
3222	12709	18837
3223	12712	18831
3224	12716	18827
3225	12719	18823
3226	12721	18816
3227	12724	18810
3228	12728	18806
3229	12730	18799
3230	12733	18795
3231	12737	18790
3232	12740	18786
3233	12742	18778
3234	12745	18773
3235	12748	18767
3236	12751	18763
3237	12755	18758
3238	12758	18753
3239	12761	18748
3240	12762	18740
3241	12774	18747
3242	12779	18746
3243	12788	18748
3244	12788	18739
3245	12794	18738
3246	12799	18735
3247	12801	18728
3248	12804	18724
3249	12811	18724
3250	12815	18721
3251	12818	18715
3252	12821	18710
3253	12830	18713
3254	12837	18713
3255	12846	18717
3256	12851	18715
3257	12852	18706
3258	12854	18700
3259	12858	18696
3260	12862	18691
3261	12863	18683
3262	12867	18680
3263	12870	18674
3264	12878	18676
3265	12881	18671
3266	12885	18668
3267	12896	18673
3268	12900	18669
3269	12901	18661
3270	12906	18658
3271	12927	18680
3272	12934	18680
3273	12940	18679
3274	12949	18682
3275	12960	18688
3276	12966	18688
3277	12970	18684
3278	12986	18698
3279	12990	18693
3280	12993	18687
3281	13000	18688
3282	13006	18688
3283	13012	18686
3284	13019	18686
3285	13034	18698
3286	13037	18693
3287	13039	18686
3288	13044	18683
3289	13051	18684
3290	13055	18681
3291	13059	18677
3292	13061	18670
3293	13065	18665
3294	13067	18660
3295	13071	18655
3296	13075	18651
3297	13079	18647
3298	13083	18643
3299	13086	18639
3300	13091	18635
3301	13095	18631
3302	13098	18626
3303	13101	18621
3304	13102	18613
3305	13105	18608
3306	13108	18602
3307	13112	18597
3308	13114	18592
3309	13118	18588
3310	13121	18582
3311	13127	18580
3312	13129	18575
3313	13135	18574
3314	13138	18568
3315	13142	18564
3316	13146	18560
3317	13149	18555
3318	13152	18549
3319	13156	18546
3320	13160	18541
3321	13162	18535
3322	13166	18531
3323	13169	18525
3324	13172	18520
3325	13175	18515
3326	13180	18513
3327	13183	18507
3328	13187	18504
3329	13191	18499
3330	13194	18494
3331	13197	18489
3332	13201	18485
3333	13203	18479
3334	13207	18474
3335	13209	18468
3336	13210	18460
3337	13213	18454
3338	13217	18451
3339	13221	18446
3340	13223	18440
3341	13226	18435
3342	13229	18429
3343	13232	18424
3344	13236	18420
3345	13238	18413
3346	13240	18407
3347	13243	18401
3348	13248	18398
3349	13251	18393
3350	13254	18387
3351	13255	18380
3352	13258	18374
3353	13261	18370
3354	13265	18366
3355	13267	18358
3356	13269	18353
3357	13272	18347
3358	13273	18339
3359	13275	18333
3360	13276	18324
3361	13278	18318
3362	13280	18311
3363	13283	18305
3364	13285	18299
3365	13288	18294
3366	13291	18288
3367	13294	18283
3368	13296	18277
3369	13297	18269
3370	13300	18263
3371	13302	18257
3372	13305	18252
3373	13309	18248
3374	13312	18243
3375	13315	18237
3376	13315	18228
3377	13318	18222
3378	13321	18218
3379	13323	18212
3380	13327	18207
3381	13329	18201
3382	13332	18195
3383	13334	18189
3384	13337	18183
3385	13339	18177
3386	13342	18171
3387	13344	18165
3388	13345	18157
3389	13345	18148
3390	13348	18143
3391	13350	18137
3392	13354	18132
3393	13356	18126
3394	13359	18120
3395	13362	18115
3396	13365	18110
3397	13367	18103
3398	13370	18098
3399	13372	18092
3400	13376	18087
3401	13378	18081
3402	13381	18076
3403	13383	18069
3404	13384	18061
3405	13386	18056
3406	13388	18049
3407	13391	18044
3408	13394	18038
3409	13397	18032
3410	13398	18026
3411	13401	18020
3412	13403	18014
3413	13406	18008
3414	13408	18002
3415	13411	17996
3416	13411	17987
3417	13414	17982
3418	13418	17978
3419	13421	17973
3420	13424	17968
3421	13426	17961
3422	13429	17956
3423	13431	17950
3424	13434	17945
3425	13437	17939
3426	13440	17935
3427	13443	17929
3428	13446	17924
3429	13450	17920
3430	13453	17915
3431	13456	17910
3432	13458	17903
3433	13460	17898
3434	13464	17894
3435	13469	17891
3436	13470	17883
3437	13474	17879
3438	13478	17875
3439	13480	17870
3440	13485	17866
3441	13487	17861
3442	13491	17857
3443	13495	17852
3444	13499	17848
3445	13503	17845
3446	13508	17842
3447	13513	17840
3448	13517	17837
3449	13518	17829
3450	13527	17831
3451	13531	17827
3452	13535	17823
3453	13540	17821
3454	13544	17818
3455	13548	17813
3456	13553	17811
3457	13558	17808
3458	13563	17805
3459	13563	17797
3460	13566	17792
3461	13569	17787
3462	13573	17783
3463	13576	17777
3464	13579	17773
3465	13582	17767
3466	13584	17761
3467	13587	17756
3468	13591	17752
3469	13594	17746
3470	13596	17741
3471	13599	17735
3472	13602	17730
3473	13604	17724
3474	13607	17719
3475	13610	17713
3476	13613	17708
3477	13615	17703
3478	13618	17697
3479	13621	17692
3480	13623	17686
3481	13627	17681
3482	13627	17673
3483	13630	17667
3484	13633	17663
3485	13637	17658
3486	13641	17655
3487	13644	17650
3488	13647	17645
3489	13651	17641
3490	13653	17635
3491	13657	17631
3492	13658	17623
3493	13660	17616
3494	13663	17611
3495	13667	17607
3496	13669	17601
3497	13673	17597
3498	13674	17590
3499	13678	17587
3500	13680	17580
3501	13684	17576
3502	13689	17574
3503	13693	17570
3504	13698	17567
3505	13703	17564
3506	13706	17559
3507	13709	17555
3508	13714	17552
3509	13717	17547
3510	13721	17543
3511	13723	17537
3512	13730	17537
3513	13732	17531
3514	13736	17526
3515	13738	17521
3516	13744	17519
3517	13747	17514
3518	13751	17511
3519	13754	17505
3520	13756	17499
3521	13759	17494
3522	13761	17488
3523	13763	17482
3524	13767	17477
3525	13769	17471
3526	13772	17466
3527	13775	17461
3528	13776	17454
3529	13779	17448
3530	13780	17441
3531	13784	17437
3532	13787	17432
3533	13790	17427
3534	13792	17421
3535	13795	17415
3536	13796	17408
3537	13798	17402
3538	13801	17396
3539	13804	17391
3540	13806	17385
3541	13809	17381
3542	13812	17376
3543	13815	17371
3544	13817	17364
3545	13821	17360
3546	13823	17354
3547	13827	17350
3548	13828	17342
3549	13831	17338
3550	13833	17332
3551	13837	17327
3552	13839	17322
3553	13842	17317
3554	13845	17311
3555	13847	17305
3556	13850	17300
3557	13851	17293
3558	13853	17287
3559	13858	17283
3560	13862	17280
3561	13865	17275
3562	13870	17273
3563	13873	17267
3564	13876	17263
3565	13879	17257
3566	13881	17252
3567	13886	17249
3568	13887	17241
3569	13889	17235
3570	13891	17229
3571	13894	17223
3572	13899	17221
3573	13902	17217
3574	13906	17213
3575	13909	17207
3576	13915	17206
3577	13918	17201
3578	13921	17197
3579	13925	17192
3580	13931	17192
3581	13935	17187
3582	13942	17187
3583	13947	17185
3584	13972	17207
3585	13984	17213
3586	13988	17209
3587	13992	17206
3588	13996	17201
3589	14000	17198
3590	14004	17195
3591	14010	17192
3592	14014	17189
3593	14016	17183
3594	14020	17179
3595	14023	17174
3596	14032	17177
3597	14036	17173
3598	14039	17167
3599	14043	17163
3600	14045	17158
3601	14048	17153
3602	14051	17147
3603	14053	17142
3604	14057	17138
3605	14060	17132
3606	14063	17127
3607	14065	17122
3608	14068	17117
3609	14070	17111
3610	14073	17106
3611	14075	17099
3612	14077	17093
3613	14079	17087
3614	14082	17082
3615	14085	17076
3616	14087	17071
3617	14088	17063
3618	14091	17058
3619	14094	17053
3620	14096	17047
3621	14099	17042
3622	14100	17035
3623	14104	17031
3624	14106	17025
3625	14109	17020
3626	14112	17015
3627	14116	17011
3628	14119	17006
3629	14123	17003
3630	14126	16997
3631	14130	16993
3632	14134	16989
3633	14137	16985
3634	14141	16981
3635	14145	16977
3636	14149	16974
3637	14154	16971
3638	14157	16966
3639	14160	16961
3640	14164	16957
3641	14167	16952
3642	14172	16949
3643	14176	16946
3644	14183	16946
3645	14187	16942
3646	14191	16938
3647	14194	16933
3648	14198	16930
3649	14201	16925
3650	14202	16917
3651	14205	16913
3652	14208	16908
3653	14215	16907
3654	14218	16902
3655	14221	16898
3656	14225	16894
3657	14230	16891
3658	14234	16887
3659	14235	16880
3660	14238	16875
3661	14242	16871
3662	14244	16865
3663	14247	16860
3664	14251	16856
3665	14255	16853
3666	14256	16845
3667	14259	16841
3668	14262	16836
3669	14265	16831
3670	14268	16825
3671	14271	16820
3672	14273	16815
3673	14277	16810
3674	14279	16804
3675	14282	16799
3676	14284	16794
3677	14287	16789
3678	14290	16784
3679	14294	16780
3680	14297	16775
3681	14299	16769
3682	14302	16764
3683	14305	16759
3684	14308	16754
3685	14310	16748
3686	14312	16742
3687	14314	16736
3688	14317	16731
3689	14321	16727
3690	14324	16722
3691	14326	16717
3692	14329	16712
3693	14332	16706
3694	14335	16702
3695	14338	16696
3696	14341	16691
3697	14342	16684
3698	14344	16678
3699	14345	16672
3700	14348	16666
3701	14351	16662
3702	14354	16657
3703	14357	16651
3704	14360	16646
3705	14366	16645
3706	14369	16641
3707	14373	16637
3708	14376	16632
3709	14380	16628
3710	14384	16624
3711	14388	16620
3712	14392	16617
3713	14396	16613
3714	14400	16609
3715	14404	16606
3716	14411	16605
3717	14426	16614
3718	14435	16616
3719	14442	16617
3720	14449	16616
3721	14460	16620
3722	14464	16616
3723	14475	16621
3724	14483	16622
3725	14488	16619
3726	14492	16616
3727	14497	16613
3728	14502	16610
3729	14508	16609
3730	14514	16607
3731	14517	16603
3732	14519	16597
3733	14524	16593
3734	14525	16586
3735	14528	16581
3736	14533	16579
3737	14542	16580
3738	14546	16577
3739	14552	16575
3740	14553	16568
3741	14557	16564
3742	14561	16561
3743	14565	16557
3744	14569	16553
3745	14573	16550
3746	14578	16547
3747	14585	16547
3748	14586	16539
3749	14593	16539
3750	14600	16538
3751	14605	16536
3752	14611	16534
3753	14620	16536
3754	14621	16529
3755	14624	16524
3756	14632	16525
3757	14636	16521
3758	14639	16516
3759	14643	16512
3760	14648	16509
3761	14652	16506
3762	14657	16503
3763	14661	16500
3764	14665	16495
3765	14666	16489
3766	14669	16484
3767	14671	16478
3768	14673	16472
3769	14677	16468
3770	14680	16463
3771	14683	16458
3772	14686	16454
3773	14689	16448
3774	14692	16443
3775	14694	16438
3776	14697	16433
3777	14700	16427
3778	14703	16422
3779	14705	16417
3780	14709	16413
3781	14712	16408
3782	14714	16402
3783	14717	16397
3784	14719	16392
3785	14721	16386
3786	14724	16381
3787	14728	16377
3788	14732	16373
3789	14736	16369
3790	14738	16363
3791	14741	16359
3792	14745	16354
3793	14748	16350
3794	14751	16344
3795	14754	16340
3796	14757	16335
3797	14760	16330
3798	14762	16324
3799	14765	16319
3800	14767	16314
3801	14770	16309
3802	14771	16302
3803	14774	16296
3804	14776	16291
3805	14779	16285
3806	14781	16280
3807	14783	16274
3808	14786	16269
3809	14788	16263
3810	14791	16258
3811	14793	16253
3812	14797	16248
3813	14799	16242
3814	14802	16238
3815	14805	16233
3816	14806	16226
3817	14809	16221
3818	14811	16215
3819	14815	16211
3820	14817	16205
3821	14819	16200
3822	14822	16194
3823	14825	16189
3824	14827	16183
3825	14830	16179
3826	14832	16173
3827	14836	16170
3828	14839	16165
3829	14843	16161
3830	14846	16156
3831	14849	16151
3832	14851	16145
3833	14854	16140
3834	14856	16135
3835	14859	16130
3836	14863	16126
3837	14867	16122
3838	14869	16116
3839	14875	16114
3840	14879	16111
3841	14884	16108
3842	14887	16103
3843	14890	16099
3844	14895	16096
3845	14900	16093
3846	14911	16097
3847	14921	16099
3848	14922	16093
3849	14928	16091
3850	14932	16088
3851	14936	16084
3852	14938	16077
3853	14938	16070
3854	14946	16070
3855	14950	16066
3856	14953	16061
3857	14955	16056
3858	14959	16052
3859	14962	16048
3860	14965	16043
3861	14967	16037
3862	14971	16033
3863	14975	16029
3864	14977	16024
3865	14980	16019
3866	14982	16013
3867	14986	16008
3868	14988	16003
3869	14991	15998
3870	14993	15993
3871	14996	15988
3872	14999	15982
3873	15001	15977
3874	15005	15973
3875	15008	15968
3876	15011	15963
3877	15013	15958
3878	15014	15951
3879	15017	15946
3880	15019	15940
3881	15022	15935
3882	15024	15930
3883	15027	15925
3884	15029	15919
3885	15032	15914
3886	15035	15909
3887	15038	15905
3888	15040	15899
3889	15043	15894
3890	15046	15889
3891	15049	15884
3892	15049	15877
3893	15050	15870
3894	15053	15865
3895	15055	15859
3896	15059	15855
3897	15063	15851
3898	15066	15846
3899	15069	15842
3900	15072	15837
3901	15074	15831
3902	15076	15825
3903	15079	15820
3904	15081	15815
3905	15085	15811
3906	15087	15805
3907	15090	15801
3908	15091	15794
3909	15092	15786
3910	15094	15781
3911	15097	15776
3912	15099	15771
3913	15102	15765
3914	15106	15761
3915	15109	15757
3916	15112	15753
3917	15114	15747
3918	15117	15742
3919	15118	15735
3920	15120	15729
3921	15123	15725
3922	15126	15720
3923	15129	15715
3924	15132	15711
3925	15133	15703
3926	15136	15699
3927	15137	15692
3928	15138	15685
3929	15141	15681
3930	15144	15675
3931	15148	15672
3932	15151	15667
3933	15155	15664
3934	15156	15657
3935	15158	15651
3936	15161	15646
3937	15165	15642
3938	15168	15637
3939	15170	15632
3940	15174	15629
3941	15177	15624
3942	15181	15620
3943	15184	15615
3944	15187	15611
3945	15191	15607
3946	15192	15600
3947	15196	15596
3948	15199	15591
3949	15203	15588
3950	15207	15584
3951	15208	15577
3952	15211	15572
3953	15214	15568
3954	15217	15564
3955	15221	15560
3956	15224	15555
3957	15225	15549
3958	15229	15544
3959	15232	15540
3960	15237	15537
3961	15239	15531
3962	15243	15527
3963	15243	15520
3964	15246	15515
3965	15248	15510
3966	15252	15506
3967	15254	15500
3968	15257	15495
3969	15260	15491
3970	15263	15486
3971	15268	15483
3972	15271	15478
3973	15274	15473
3974	15277	15469
3975	15279	15464
3976	15287	15463
3977	15290	15459
3978	15293	15455
3979	15297	15450
3980	15300	15446
3981	15303	15441
3982	15307	15438
3983	15310	15433
3984	15314	15429
3985	15317	15425
3986	15322	15422
3987	15326	15418
3988	15331	15416
3989	15335	15412
3990	15339	15408
3991	15345	15406
3992	15350	15404
3993	15354	15400
3994	15357	15395
3995	15364	15395
3996	15371	15394
3997	15378	15393
3998	15379	15387
3999	15385	15385
4000	15413	15405
4001	15421	15406
4002	15426	15403
4003	15430	15400
4004	15433	15395
4005	15438	15392
4006	15444	15390
4007	15447	15385
4008	15450	15381
4009	15456	15378
4010	15459	15375
4011	15462	15370
4012	15465	15365
4013	15468	15360
4014	15471	15356
4015	15475	15351
4016	15478	15347
4017	15481	15342
4018	15485	15339
4019	15489	15335
4020	15492	15330
4021	15494	15324
4022	15494	15317
4023	15497	15312
4024	15497	15305
4025	15500	15300
4026	15503	15296
4027	15506	15290
4028	15509	15286
4029	15512	15281
4030	15515	15276
4031	15517	15271
4032	15520	15266
4033	15523	15261
4034	15526	15256
4035	15529	15252
4036	15532	15248
4037	15535	15243
4038	15539	15239
4039	15542	15234
4040	15545	15229
4041	15547	15224
4042	15551	15220
4043	15555	15216
4044	15558	15212
4045	15561	15208
4046	15565	15204
4047	15569	15200
4048	15570	15193
4049	15571	15186
4050	15574	15182
4051	15577	15177
4052	15581	15173
4053	15583	15167
4054	15587	15164
4055	15591	15160
4056	15595	15157
4057	15599	15153
4058	15602	15148
4059	15606	15145
4060	15608	15139
4061	15612	15135
4062	15612	15128
4063	15619	15127
4064	15624	15125
4065	15631	15123
4066	15633	15117
4067	15638	15115
4068	15639	15108
4069	15645	15107
4070	15651	15105
4071	15653	15099
4072	15660	15098
4073	15663	15094
4074	15669	15093
4075	15674	15089
4076	15677	15085
4077	15679	15079
4078	15680	15073
4079	15683	15068
4080	15687	15064
4081	15719	15088
4082	15723	15083
4083	15727	15080
4084	15730	15075
4085	15734	15071
4086	15736	15066
4087	15740	15063
4088	15744	15058
4089	15746	15053
4090	15749	15048
4091	15754	15046
4092	15767	15051
4093	15774	15050
4094	15779	15047
4095	15783	15043
4096	15790	15042
4097	15797	15042
4098	15802	15038
4099	15805	15034
4100	15808	15030
4101	15811	15025
4102	15817	15022
4103	15820	15018
4104	15824	15014
4105	15825	15008
4106	15828	15003
4107	15833	15001
4108	15837	14997
4109	15841	14993
4110	15846	14990
4111	15850	14986
4112	15852	14981
4113	15854	14976
4114	15856	14970
4115	15860	14966
4116	15862	14961
4117	15864	14954
4118	15866	14949
4119	15869	14945
4120	15872	14940
4121	15877	14937
4122	15880	14933
4123	15883	14928
4124	15886	14923
4125	15888	14917
4126	15891	14913
4127	15892	14906
4128	15894	14901
4129	15897	14896
4130	15900	14891
4131	15903	14887
4132	15907	14884
4133	15910	14878
4134	15913	14874
4135	15915	14869
4136	15919	14864
4137	15921	14859
4138	15926	14856
4139	15928	14851
4140	15932	14847
4141	15935	14842
4142	15939	14839
4143	15942	14834
4144	15947	14831
4145	15951	14828
4146	15955	14824
4147	15961	14822
4148	15966	14819
4149	15973	14818
4150	15977	14814
4151	15979	14809
4152	15984	14806
4153	15989	14803
4154	15991	14798
4155	15997	14796
4156	15999	14791
4157	16003	14786
4158	16007	14783
4159	16014	14783
4160	16015	14776
4161	16019	14772
4162	16025	14770
4163	16032	14769
4164	16037	14766
4165	16041	14762
4166	16044	14758
4167	16046	14752
4168	16052	14750
4169	16055	14746
4170	16058	14741
4171	16064	14739
4172	16066	14734
4173	16069	14730
4174	16070	14723
4175	16072	14717
4176	16075	14713
4177	16077	14708
4178	16081	14703
4179	16083	14698
4180	16087	14694
4181	16089	14689
4182	16093	14685
4183	16095	14679
4184	16098	14675
4185	16099	14668
4186	16102	14664
4187	16105	14659
4188	16106	14653
4189	16109	14648
4190	16111	14643
4191	16115	14639
4192	16118	14634
4193	16120	14629
4194	16124	14625
4195	16127	14620
4196	16131	14616
4197	16131	14609
4198	16139	14610
4199	16148	14610
4200	16160	14613
4201	16165	14611
4202	16172	14610
4203	16177	14607
4204	16182	14604
4205	16187	14602
4206	16192	14599
4207	16198	14596
4208	16204	14594
4209	16204	14587
4210	16208	14584
4211	16212	14580
4212	16216	14576
4213	16221	14573
4214	16225	14569
4215	16227	14564
4216	16231	14560
4217	16235	14557
4218	16239	14553
4219	16242	14549
4220	16245	14544
4221	16250	14541
4222	16253	14536
4223	16254	14530
4224	16257	14525
4225	16259	14520
4226	16263	14516
4227	16266	14512
4228	16269	14507
4229	16272	14503
4230	16274	14497
4231	16276	14491
4232	16279	14487
4233	16282	14483
4234	16287	14479
4235	16289	14474
4236	16292	14470
4237	16296	14465
4238	16299	14461
4239	16302	14456
4240	16304	14451
4241	16308	14447
4242	16311	14443
4243	16314	14438
4244	16318	14434
4245	16321	14430
4246	16323	14424
4247	16330	14423
4248	16333	14419
4249	16338	14415
4250	16342	14412
4251	16347	14409
4252	16348	14403
4253	16352	14399
4254	16354	14394
4255	16363	14394
4256	16367	14390
4257	16376	14391
4258	16378	14386
4259	16382	14382
4260	16386	14379
4261	16391	14376
4262	16396	14373
4263	16402	14371
4264	16403	14365
4265	16407	14361
4266	16410	14357
4267	16415	14354
4268	16419	14350
4269	16423	14346
4270	16426	14341
4271	16430	14337
4272	16435	14335
4273	16442	14334
4274	16443	14328
4275	16448	14325
4276	16455	14323
4277	16457	14318
4278	16466	14319
4279	16470	14315
4280	16472	14310
4281	16480	14309
4282	16486	14307
4283	16493	14306
4284	16500	14305
4285	16505	14302
4286	16509	14298
4287	16517	14298
4288	16529	14302
4289	16537	14301
4290	16543	14299
4291	16549	14298
4292	16553	14293
4293	16556	14289
4294	16558	14283
4295	16565	14282
4296	16569	14278
4297	16577	14278
4298	16581	14275
4299	16586	14272
4300	16589	14267
4301	16593	14263
4302	16595	14258
4303	16597	14253
4304	16600	14248
4305	16605	14245
4306	16612	14244
4307	16617	14241
4308	16627	14242
4309	16633	14240
4310	16640	14239
4311	16646	14237
4312	16658	14240
4313	16668	14242
4314	16673	14239
4315	16685	14242
4316	16702	14249
4317	16709	14248
4318	16713	14244
4319	16715	14238
4320	16717	14233
4321	16723	14231
4322	16725	14226
4323	16728	14221
4324	16730	14216
4325	16735	14213
4326	16736	14207
4327	16742	14205
4328	16745	14200
4329	16749	14196
4330	16751	14191
4331	16755	14187
4332	16758	14182
4333	16760	14177
4334	16765	14174
4335	16767	14168
4336	16770	14164
4337	16773	14159
4338	16776	14155
4339	16781	14152
4340	16784	14147
4341	16786	14142
4342	16790	14137
4343	16793	14133
4344	16796	14129
4345	16799	14124
4346	16801	14119
4347	16804	14114
4348	16807	14109
4349	16810	14105
4350	16814	14101
4351	16816	14096
4352	16819	14091
4353	16822	14086
4354	16827	14083
4355	16830	14079
4356	16833	14074
4357	16836	14070
4358	16840	14066
4359	16844	14063
4360	16848	14059
4361	16853	14056
4362	16859	14054
4363	16862	14049
4364	16865	14044
4365	16872	14043
4366	16875	14039
4367	16880	14036
4368	16892	14039
4369	16898	14036
4370	16901	14032
4371	16907	14030
4372	16910	14025
4373	16912	14020
4374	16922	14021
4375	16932	14022
4376	16944	14025
4377	16950	14023
4378	16951	14017
4379	16956	14013
4380	16959	14009
4381	16964	14006
4382	16968	14003
4383	16972	13999
4384	16977	13996
4385	16983	13994
4386	16986	13989
4387	16990	13985
4388	16994	13981
4389	16999	13978
4390	17002	13974
4391	17006	13970
4392	17008	13965
4393	17013	13962
4394	17016	13957
4395	17017	13951
4396	17020	13946
4397	17023	13942
4398	17026	13937
4399	17030	13933
4400	17033	13929
4401	17036	13924
4402	17039	13920
4403	17043	13916
4404	17046	13911
4405	17049	13907
4406	17054	13904
4407	17057	13899
4408	17062	13896
4409	17064	13891
4410	17067	13887
4411	17070	13882
4412	17074	13878
4413	17077	13874
4414	17080	13869
4415	17085	13866
4416	17087	13861
4417	17090	13856
4418	17092	13851
4419	17095	13846
4420	17098	13841
4421	17101	13837
4422	17105	13833
4423	17108	13829
4424	17111	13824
4425	17116	13821
4426	17117	13815
4427	17120	13811
4428	17123	13806
4429	17127	13802
4430	17129	13797
4431	17133	13792
4432	17136	13789
4433	17140	13785
4434	17144	13781
4435	17148	13777
4436	17150	13772
4437	17153	13767
4438	17156	13763
4439	17157	13757
4440	17160	13752
4441	17161	13745
4442	17163	13741
4443	17167	13737
4444	17169	13732
4445	17173	13728
4446	17176	13723
4447	17176	13716
4448	17179	13712
4449	17182	13707
4450	17186	13703
4451	17186	13696
4452	17186	13690
4453	17189	13685
4454	17191	13679
4455	17194	13675
4456	17196	13670
4457	17200	13666
4458	17203	13661
4459	17206	13657
4460	17209	13652
4461	17213	13648
4462	17215	13643
4463	17217	13638
4464	17221	13634
4465	17223	13629
4466	17228	13626
4467	17232	13622
4468	17236	13618
4469	17239	13614
4470	17245	13611
4471	17247	13606
4472	17250	13602
4473	17282	13620
4474	17286	13616
4475	17291	13613
4476	17296	13610
4477	17300	13606
4478	17306	13604
4479	17310	13601
4480	17315	13597
4481	17318	13593
4482	17323	13590
4483	17326	13586
4484	17330	13582
4485	17333	13577
4486	17337	13574
4487	17340	13569
4488	17342	13563
4489	17345	13559
4490	17349	13555
4491	17352	13551
4492	17354	13545
4493	17357	13541
4494	17360	13536
4495	17363	13532
4496	17366	13527
4497	17371	13524
4498	17373	13519
4499	17376	13515
4500	17379	13510
4501	17383	13506
4502	17385	13501
4503	17389	13497
4504	17392	13492
4505	17395	13488
4506	17399	13484
4507	17402	13480
4508	17404	13475
4509	17407	13470
4510	17410	13466
4511	17413	13461
4512	17414	13455
4513	17418	13451
4514	17419	13445
4515	17421	13440
4516	17423	13434
4517	17425	13430
4518	17428	13425
4519	17432	13421
4520	17434	13416
4521	17439	13412
4522	17441	13408
4523	17445	13404
4524	17448	13399
4525	17451	13395
4526	17453	13389
4527	17456	13385
4528	17457	13379
4529	17460	13374
4530	17464	13371
4531	17467	13366
4532	17470	13362
4533	17473	13357
4534	17476	13353
4535	17478	13347
4536	17482	13343
4537	17485	13339
4538	17490	13336
4539	17493	13332
4540	17497	13328
4541	17501	13324
4542	17504	13320
4543	17509	13317
4544	17512	13312
4545	17515	13308
4546	17518	13303
4547	17521	13299
4548	17526	13295
4549	17534	13295
4550	17542	13294
4551	17545	13290
4552	17546	13284
4553	17549	13280
4554	17555	13277
4555	17565	13278
4556	17566	13271
4557	17574	13271
4558	17584	13272
4559	17589	13269
4560	17595	13267
4561	17600	13264
4562	17607	13262
4563	17608	13256
4564	17614	13254
4565	17621	13252
4566	17625	13248
4567	17629	13245
4568	17631	13239
4569	17635	13236
4570	17638	13231
4571	17646	13231
4572	17653	13229
4573	17656	13225
4574	17661	13222
4575	17667	13219
4576	17670	13215
4577	17681	13216
4578	17686	13213
4579	17690	13209
4580	17696	13207
4581	17699	13202
4582	17703	13199
4583	17706	13194
4584	17709	13190
4585	17715	13187
4586	17721	13185
4587	17728	13184
4588	17734	13181
4589	17740	13179
4590	17749	13179
4591	17753	13175
4592	17757	13171
4593	17760	13167
4594	17764	13163
4595	17768	13159
4596	17771	13155
4597	17773	13150
4598	17778	13147
4599	17782	13143
4600	17786	13139
4601	17788	13134
4602	17792	13130
4603	17800	13129
4604	17803	13125
4605	17804	13119
4606	17809	13116
4607	17812	13112
4608	17817	13108
4609	17821	13105
4610	17825	13101
4611	17829	13097
4612	17833	13094
4613	17844	13095
4614	17857	13098
4615	17872	13102
4616	17876	13098
4617	17884	13097
4618	17893	13097
4619	17905	13099
4620	17910	13096
4621	17917	13094
4622	17921	13091
4623	17924	13086
4624	17930	13084
4625	17936	13081
4626	17951	13086
4627	17962	13087
4628	17970	13087
4629	17975	13083
4630	17978	13078
4631	17982	13075
4632	17985	13070
4633	17989	13066
4634	17992	13062
4635	17995	13057
4636	17999	13054
4637	18001	13049
4638	18005	13045
4639	18008	13040
4640	18012	13037
4641	18014	13031
4642	18017	13027
4643	18018	13020
4644	18022	13017
4645	18025	13012
4646	18028	13008
4647	18031	13004
4648	18034	12999
4649	18041	12997
4650	18045	12993
4651	18049	12989
4652	18051	12984
4653	18054	12980
4654	18056	12975
4655	18067	12976
4656	18072	12972
4657	18077	12970
4658	18082	12967
4659	18088	12964
4660	18093	12961
4661	18097	12958
4662	18100	12953
4663	18102	12948
4664	18106	12944
4665	18110	12940
4666	18113	12935
4667	18120	12934
4668	18124	12930
4669	18128	12926
4670	18131	12922
4671	18134	12917
4672	18138	12913
4673	18140	12908
4674	18144	12904
4675	18144	12898
4676	18147	12893
4677	18150	12889
4678	18154	12885
4679	18158	12881
4680	18160	12876
4681	18163	12871
4682	18166	12867
4683	18170	12863
4684	18173	12859
4685	18176	12854
4686	18179	12850
4687	18184	12846
4688	18188	12843
4689	18191	12838
4690	18194	12834
4691	18198	12830
4692	18202	12826
4693	18205	12822
4694	18210	12819
4695	18212	12814
4696	18216	12810
4697	18219	12805
4698	18224	12802
4699	18226	12797
4700	18230	12793
4701	18233	12788
4702	18237	12784
4703	18239	12779
4704	18242	12775
4705	18245	12770
4706	18248	12766
4707	18251	12762
4708	18255	12758
4709	18257	12752
4710	18260	12748
4711	18263	12744
4712	18265	12739
4713	18268	12734
4714	18271	12730
4715	18272	12723
4716	18274	12719
4717	18278	12715
4718	18282	12711
4719	18285	12707
4720	18286	12700
4721	18289	12696
4722	18293	12692
4723	18295	12687
4724	18298	12683
4725	18302	12679
4726	18305	12674
4727	18309	12671
4728	18313	12667
4729	18316	12663
4730	18318	12657
4731	18321	12652
4732	18325	12649
4733	18328	12644
4734	18331	12640
4735	18334	12635
4736	18336	12631
4737	18340	12626
4738	18342	12622
4739	18346	12617
4740	18349	12613
4741	18352	12609
4742	18355	12604
4743	18356	12598
4744	18359	12594
4745	18359	12587
4746	18362	12583
4747	18365	12578
4748	18368	12574
4749	18372	12570
4750	18374	12565
4751	18378	12561
4752	18380	12556
4753	18384	12552
4754	18386	12547
4755	18389	12543
4756	18392	12538
4757	18395	12534
4758	18398	12530
4759	18401	12525
4760	18404	12521
4761	18408	12516
4762	18410	12511
4763	18414	12507
4764	18414	12501
4765	18417	12497
4766	18419	12491
4767	18419	12485
4768	18422	12481
4769	18424	12476
4770	18431	12474
4771	18434	12469
4772	18437	12465
4773	18437	12459
4774	18440	12454
4775	18441	12448
4776	18444	12444
4777	18446	12439
4778	18449	12435
4779	18453	12430
4780	18457	12427
4781	18459	12422
4782	18464	12419
4783	18467	12414
4784	18469	12409
4785	18472	12405
4786	18475	12400
4787	18478	12396
4788	18482	12392
4789	18483	12386
4790	18487	12382
4791	18490	12378
4792	18490	12372
4793	18493	12367
4794	18496	12362
4795	18499	12358
4796	18502	12354
4797	18505	12349
4798	18508	12345
4799	18512	12341
4800	18515	12336
4801	18518	12332
4802	18521	12328
4803	18525	12324
4804	18528	12319
4805	18532	12316
4806	18535	12311
4807	18538	12307
4808	18541	12302
4809	18544	12298
4810	18546	12293
4811	18550	12289
4812	18553	12285
4813	18554	12279
4814	18559	12276
4815	18561	12271
4816	18566	12268
4817	18568	12263
4818	18572	12259
4819	18577	12256
4820	18581	12253
4821	18584	12248
4822	18591	12246
4823	18594	12242
4824	18600	12239
4825	18605	12236
4826	18611	12234
4827	18637	12244
4828	18645	12243
4829	18648	12239
4830	18653	12236
4831	18654	12230
4832	18657	12225
4833	18660	12221
4834	18663	12217
4835	18667	12213
4836	18671	12209
4837	18675	12205
4838	18679	12201
4839	18682	12197
4840	18686	12193
4841	18692	12191
4842	18698	12188
4843	18704	12186
4844	18708	12182
4845	18715	12180
4846	18723	12180
4847	18725	12174
4848	18733	12173
4849	18742	12172
4850	18748	12170
4851	18753	12167
4852	18754	12161
4853	18758	12157
4854	18763	12154
4855	18766	12150
4856	18770	12146
4857	18773	12142
4858	18774	12136
4859	18782	12135
4860	18787	12131
4861	18795	12130
4862	18801	12128
4863	18811	12128
4864	18825	12130
4865	18833	12129
4866	18843	12129
4867	18850	12128
4868	18859	12127
4869	18868	12126
4870	18876	12125
4871	18883	12123
4872	18889	12121
4873	18894	12118
4874	18903	12117
4875	18916	12119
4876	18921	12116
4877	18932	12117
4878	18937	12113
4879	18941	12110
4880	18947	12107
4881	18952	12104
4882	18964	12105
4883	18969	12102
4884	18985	12106
4885	18998	12108
4886	19009	12108
4887	19012	12104
4888	19021	12103
4889	19025	12100
4890	19036	12100
4891	19047	12101
4892	19052	12098
4893	19060	12096
4894	19065	12093
4895	19076	12094
4896	19084	12092
4897	19094	12093
4898	19101	12091
4899	19109	12089
4900	19114	12086
4901	19119	12083
4902	19125	12080
4903	19129	12076
4904	19136	12074
4905	19142	12072
4906	19148	12069
4907	19151	12065
4908	19155	12061
4909	19159	12057
4910	19163	12053
4911	19167	12049
4912	19170	12045
4913	19173	12040
4914	19174	12035
4915	19178	12031
4916	19183	12028
4917	19186	12023
4918	19190	12019
4919	19194	12015
4920	19200	12013
4921	19204	12009
4922	19208	12005
4923	19212	12001
4924	19215	11997
4925	19220	11994
4926	19222	11989
4927	19229	11987
4928	19229	11980
4929	19232	11976
4930	19237	11972
4931	19239	11968
4932	19243	11964
4933	19247	11960
4934	19252	11957
4935	19256	11953
4936	19260	11949
4937	19263	11944
4938	19267	11941
4939	19269	11936
4940	19273	11932
4941	19276	11927
4942	19281	11924
4943	19284	11920
4944	19288	11916
4945	19291	11911
4946	19293	11906
4947	19296	11902
4948	19298	11897
4949	19302	11893
4950	19305	11888
4951	19309	11885
4952	19311	11880
4953	19314	11875
4954	19317	11871
4955	19321	11867
4956	19325	11863
4957	19328	11858
4958	19330	11854
4959	19333	11849
4960	19336	11845
4961	19340	11841
4962	19342	11836
4963	19345	11831
4964	19348	11827
4965	19352	11823
4966	19356	11819
4967	19359	11815
4968	19363	11811
4969	19366	11806
4970	19371	11803
4971	19374	11799
4972	19378	11795
4973	19381	11790
4974	19384	11786
4975	19387	11782
4976	19391	11778
4977	19391	11771
4978	19394	11767
4979	19398	11763
4980	19402	11759
4981	19405	11755
4982	19409	11751
4983	19412	11747
4984	19415	11742
4985	19419	11738
4986	19422	11734
4987	19426	11730
4988	19427	11724
4989	19429	11719
4990	19433	11715
4991	19435	11711
4992	19438	11706
4993	19441	11702
4994	19445	11698
4995	19448	11693
4996	19452	11689
4997	19455	11685
4998	19458	11681
4999	19461	11677
5000	19464	11672
5001	19467	11668
5002	19470	11663
5003	19473	11659
5004	19476	11654
5005	19480	11650
5006	19484	11646
5007	19487	11642
5008	19491	11638
5009	19494	11634
5010	19498	11630
5011	19501	11626
5012	19505	11622
5013	19507	11617
5014	19511	11613
5015	19514	11609
5016	19517	11604
5017	19521	11600
5018	19524	11596
5019	19533	11595
5020	19536	11591
5021	19537	11585
5022	19540	11581
5023	19547	11578
5024	19550	11574
5025	19554	11570
5026	19559	11567
5027	19576	11571
5028	19581	11568
5029	19593	11569
5030	19601	11567
5031	19608	11565
5032	19635	11575
5033	19645	11574
5034	19650	11571
5035	19651	11566
5036	19659	11564
5037	19664	11561
5038	19667	11557
5039	19673	11554
5040	19677	11550
5041	19685	11548
5042	19691	11546
5043	19696	11543
5044	19697	11537
5045	19705	11535
5046	19709	11532
5047	19711	11527
5048	19712	11521
5049	19715	11516
5050	19720	11513
5051	19724	11509
5052	19727	11505
5053	19731	11501
5054	19737	11498
5055	19744	11496
5056	19750	11494
5057	19757	11492
5058	19774	11495
5059	19789	11498
5060	19796	11495
5061	19806	11495
5062	19811	11492
5063	19816	11489
5064	19820	11485
5065	19823	11480
5066	19829	11478
5067	19834	11474
5068	19839	11471
5069	19844	11468
5070	19848	11464
5071	19849	11458
5072	19851	11454
5073	19856	11450
5074	19862	11447
5075	19864	11442
5076	19867	11438
5077	19870	11434
5078	19874	11430
5079	19879	11426
5080	19883	11423
5081	19887	11419
5082	19893	11416
5083	19898	11413
5084	19919	11418
5085	19926	11416
5086	19930	11413
5087	19936	11410
5088	19942	11407
5089	19948	11405
5090	19952	11401
5091	19963	11400
5092	19964	11395
5093	19967	11391
5094	19973	11388
5095	19975	11383
5096	19980	11380
5097	19984	11375
5098	19997	11377
5099	20026	11387
5100	20054	11397
5101	20059	11394
5102	20067	11392
5103	20075	11390
5104	20081	11388
5105	20087	11385
5106	20093	11382
5107	20098	11378
5108	20105	11376
5109	20108	11372
5110	20110	11367
5111	20115	11364
5112	20119	11359
5113	20123	11356
5114	20127	11352
5115	20133	11349
5116	20137	11345
5117	20142	11342
5118	20147	11339
5119	20151	11335
5120	20164	11336
5121	20170	11333
5122	20177	11331
5123	20185	11329
5124	20189	11326
5125	20192	11321
5126	20195	11317
5127	20199	11312
5128	20204	11309
5129	20212	11308
5130	20217	11304
5131	20219	11299
5132	20225	11296
5133	20228	11292
5134	20231	11288
5135	20240	11286
5136	20243	11282
5137	20260	11285
5138	20260	11279
5139	20261	11274
5140	20267	11271
5141	20273	11268
5142	20278	11264
5143	20281	11260
5144	20288	11258
5145	20292	11254
5146	20296	11250
5147	20300	11246
5148	20306	11243
5149	20321	11245
5150	20326	11242
5151	20329	11237
5152	20335	11235
5153	20340	11231
5154	20345	11228
5155	20353	11226
5156	20356	11222
5157	20362	11219
5158	20367	11216
5159	20372	11212
5160	20385	11213
5161	20423	11228
5162	20437	11230
5163	20441	11226
5164	20449	11224
5165	20457	11222
5166	20467	11221
5167	20476	11221
5168	20483	11218
5169	20487	11214
5170	20493	11211
5171	20499	11209
5172	20510	11208
5173	20516	11205
5174	20521	11202
5175	20526	11199
5176	20532	11196
5177	20534	11191
5178	20539	11187
5179	20544	11184
5180	20550	11181
5181	20558	11179
5182	20581	11186
5183	20595	11187
5184	20616	11192
5185	20622	11190
5186	20628	11187
5187	20632	11183
5188	20638	11180
5189	20639	11174
5190	20642	11170
5191	20645	11165
5192	20649	11161
5193	20653	11157
5194	20656	11153
5195	20659	11148
5196	20661	11143
5197	20664	11139
5198	20668	11135
5199	20670	11130
5200	20673	11125
5201	20676	11121
5202	20681	11118
5203	20684	11113
5204	20688	11109
5205	20690	11104
5206	20694	11100
5207	20697	11096
5208	20701	11091
5209	20704	11087
5210	20708	11083
5211	20711	11079
5212	20716	11075
5213	20719	11070
5214	20722	11066
5215	20723	11060
5216	20726	11056
5217	20731	11052
5218	20734	11048
5219	20739	11045
5220	20742	11040
5221	20746	11036
5222	20749	11032
5223	20750	11026
5224	20754	11022
5225	20760	11019
5226	20771	11019
5227	20775	11015
5228	20780	11012
5229	20785	11008
5230	20789	11004
5231	20803	11006
5232	20808	11002
5233	20812	10998
5234	20818	10996
5235	20823	10992
5236	20827	10988
5237	20828	10982
5238	20831	10978
5239	20835	10974
5240	20839	10970
5241	20842	10966
5242	20845	10961
5243	20849	10957
5244	20852	10952
5245	20858	10950
5246	20871	10950
5247	20874	10946
5248	20877	10941
5249	20881	10937
5250	20886	10934
5251	20889	10929
5252	20893	10925
5253	20896	10921
5254	20903	10918
5255	20907	10915
5256	20910	10910
5257	20921	10910
5258	20926	10907
5259	20928	10901
5260	20928	10896
5261	20935	10893
5262	20940	10889
5263	20943	10885
5264	20950	10882
5265	20953	10878
5266	20956	10873
5267	20961	10870
5268	20965	10866
5269	20973	10865
5270	20979	10861
5271	20986	10859
5272	20996	10858
5273	21000	10854
5274	21001	10849
5275	21009	10847
5276	21013	10843
5277	21018	10839
5278	21022	10835
5279	21028	10832
5280	21031	10828
5281	21032	10822
5282	21035	10818
5283	21039	10814
5284	21043	10810
5285	21047	10806
5286	21051	10802
5287	21053	10797
5288	21058	10793
5289	21061	10789
5290	21065	10785
5291	21066	10780
5292	21069	10775
5293	21073	10771
5294	21077	10767
5295	21081	10763
5296	21086	10760
5297	21090	10756
5298	21094	10752
5299	21096	10747
5300	21101	10743
5301	21104	10739
5302	21106	10734
5303	21109	10730
5304	21113	10725
5305	21117	10721
5306	21117	10715
5307	21120	10711
5308	21123	10707
5309	21126	10702
5310	21129	10698
5311	21131	10693
5312	21136	10689
5313	21139	10685
5314	21144	10681
5315	21149	10678
5316	21153	10674
5317	21158	10670
5318	21162	10666
5319	21179	10669
5320	21186	10666
5321	21191	10663
5322	21195	10659
5323	21200	10656
5324	21204	10651
5325	21208	10648
5326	21214	10645
5327	21218	10640
5328	21223	10637
5329	21229	10634
5330	21234	10631
5331	21239	10627
5332	21239	10621
5333	21246	10619
5334	21254	10617
5335	21257	10612
5336	21261	10608
5337	21264	10604
5338	21267	10600
5339	21271	10595
5340	21277	10592
5341	21280	10588
5342	21283	10583
5343	21287	10579
5344	21290	10575
5345	21293	10570
5346	21296	10566
5347	21301	10563
5348	21305	10558
5349	21309	10555
5350	21312	10550
5351	21316	10546
5352	21318	10541
5353	21322	10537
5354	21325	10533
5355	21330	10529
5356	21334	10525
5357	21338	10522
5358	21341	10517
5359	21345	10513
5360	21349	10509
5361	21354	10505
5362	21357	10501
5363	21359	10496
5364	21363	10492
5365	21365	10487
5366	21369	10483
5367	21372	10479
5368	21377	10475
5369	21381	10471
5370	21383	10466
5371	21387	10462
5372	21388	10457
5373	21392	10453
5374	21394	10448
5375	21399	10444
5376	21425	10451
5377	21426	10446
5378	21427	10440
5379	21434	10438
5380	21439	10434
5381	21444	10431
5382	21447	10426
5383	21452	10423
5384	21455	10418
5385	21458	10414
5386	21461	10410
5387	21465	10405
5388	21468	10401
5389	21471	10397
5390	21474	10392
5391	21476	10387
5392	21480	10383
5393	21483	10379
5394	21486	10374
5395	21489	10370
5396	21492	10366
5397	21496	10361
5398	21499	10357
5399	21502	10353
5400	21505	10348
5401	21507	10343
5402	21510	10339
5403	21513	10334
5404	21516	10330
5405	21520	10326
5406	21522	10321
5407	21526	10317
5408	21529	10313
5409	21533	10308
5410	21536	10304
5411	21539	10300
5412	21542	10295
5413	21545	10291
5414	21549	10287
5415	21553	10283
5416	21555	10278
5417	21558	10273
5418	21559	10268
5419	21562	10263
5420	21564	10259
5421	21568	10254
5422	21570	10250
5423	21573	10245
5424	21575	10241
5425	21579	10236
5426	21581	10232
5427	21584	10227
5428	21592	10225
5429	21615	10230
5430	21615	10224
5431	21618	10220
5432	21638	10224
5433	21648	10222
5434	21653	10219
5435	21656	10214
5436	21658	10209
5437	21666	10207
5438	21673	10204
5439	21678	10201
5440	21688	10200
5441	21691	10196
5442	21692	10190
5443	21699	10188
5444	21702	10183
5445	21706	10179
5446	21710	10175
5447	21717	10173
5448	21721	10169
5449	21727	10166
5450	21728	10160
5451	21729	10155
5452	21733	10151
5453	21735	10146
5454	21740	10142
5455	21745	10139
5456	21748	10134
5457	21751	10130
5458	21759	10128
5459	21762	10123
5460	21766	10120
5461	21775	10118
5462	21784	10116
5463	21811	10123
5464	21818	10120
5465	21819	10115
5466	21825	10112
5467	21829	10108
5468	21832	10103
5469	21836	10099
5470	21841	10096
5471	21842	10090
5472	21846	10086
5473	21850	10082
5474	21853	10078
5475	21857	10074
5476	21861	10070
5477	21864	10065
5478	21870	10063
5479	21874	10059
5480	21879	10055
5481	21881	10050
5482	21887	10047
5483	21891	10043
5484	21894	10039
5485	21896	10034
5486	21900	10030
5487	21904	10026
5488	21905	10020
5489	21908	10016
5490	21915	10013
5491	21920	10010
5492	21922	10005
5493	21926	10001
5494	21932	9998
5495	21934	9993
5496	22004	10019
5497	22019	10020
5498	22023	10016
5499	22050	10022
5500	22068	10025
5501	22070	10020
5502	22075	10016
5503	22081	10013
5504	22099	10015
5505	22104	10012
5506	22113	10010
5507	22117	10006
5508	22122	10003
5509	22130	10000
5510	22136	9997
5511	22143	9994
5512	22147	9991
5513	22148	9985
5514	22154	9982
5515	22164	9981
5516	22170	9978
5517	22176	9974
5518	22181	9971
5519	22200	9973
5520	22206	9971
5521	22212	9967
5522	22216	9963
5523	22225	9962
5524	22229	9957
5525	22235	9954
5526	22239	9950
5527	22240	9945
5528	22243	9941
5529	22247	9936
5530	22251	9933
5531	22253	9927
5532	22256	9923
5533	22260	9919
5534	22264	9915
5535	22268	9911
5536	22271	9907
5537	22275	9902
5538	22279	9898
5539	22282	9894
5540	22286	9890
5541	22287	9885
5542	22305	9887
5543	22310	9883
5544	22313	9879
5545	22320	9876
5546	22320	9870
5547	22323	9866
5548	22328	9862
5549	22332	9858
5550	22335	9853
5551	22338	9849
5552	22342	9845
5553	22346	9841
5554	22350	9837
5555	22357	9834
5556	22363	9831
5557	22366	9827
5558	22373	9824
5559	22379	9821
5560	22384	9817
5561	22387	9813
5562	22392	9809
5563	22396	9805
5564	22400	9801
5565	22405	9797
5566	22416	9796
5567	22425	9794
5568	22428	9790
5569	22432	9786
5570	22441	9784
5571	22446	9781
5572	22448	9775
5573	22448	9770
5574	22454	9767
5575	22456	9762
5576	22459	9757
5577	22464	9754
5578	22480	9755
5579	22489	9753
5580	22496	9750
5581	22496	9745
5582	22503	9742
5583	22510	9739
5584	22523	9739
5585	22528	9735
5586	22536	9733
5587	22545	9731
5588	22556	9730
5589	22568	9729
5590	22571	9725
5591	22577	9722
5592	22586	9720
5593	22597	9719
5594	22602	9715
5595	22607	9711
5596	22609	9707
5597	22615	9703
5598	22620	9700
5599	22624	9696
5600	22631	9693
5601	22660	9699
5602	22667	9697
5603	22672	9693
5604	22678	9690
5605	22682	9686
5606	22689	9683
5607	22693	9679
5608	22697	9675
5609	22700	9671
5610	22702	9666
5611	22706	9662
5612	22709	9657
5613	22714	9653
5614	22716	9649
5615	22721	9645
5616	22724	9640
5617	22732	9638
5618	22735	9634
5619	22741	9630
5620	22743	9625
5621	22748	9622
5622	22751	9617
5623	22752	9612
5624	22756	9608
5625	22758	9603
5626	22763	9599
5627	22766	9595
5628	22771	9591
5629	22772	9586
5630	22776	9582
5631	22778	9577
5632	22783	9573
5633	22786	9569
5634	22789	9564
5635	22791	9559
5636	22795	9555
5637	22801	9552
5638	22809	9550
5639	22811	9545
5640	22817	9541
5641	22819	9537
5642	22823	9532
5643	22825	9528
5644	22833	9525
5645	22837	9521
5646	22840	9517
5647	22844	9513
5648	22847	9508
5649	22850	9504
5650	22854	9500
5651	22857	9495
5652	22861	9491
5653	22865	9487
5654	22868	9483
5655	22872	9479
5656	22875	9474
5657	22879	9470
5658	22882	9465
5659	22886	9461
5660	22888	9457
5661	22892	9452
5662	22894	9448
5663	22898	9444
5664	22902	9439
5665	22906	9435
5666	22910	9432
5667	22915	9428
5668	22918	9423
5669	22922	9419
5670	22925	9415
5671	22928	9410
5672	22931	9406
5673	22935	9402
5674	22937	9397
5675	22941	9393
5676	22944	9388
5677	22947	9384
5678	22950	9380
5679	22953	9375
5680	22955	9370
5681	22958	9365
5682	22960	9361
5683	22964	9356
5684	22966	9352
5685	22971	9348
5686	22973	9343
5687	22977	9339
5688	22978	9334
5689	22981	9330
5690	22984	9325
5691	22988	9321
5692	22991	9316
5693	22993	9312
5694	22997	9308
5695	23000	9303
5696	23004	9299
5697	23006	9294
5698	23009	9290
5699	23012	9285
5700	23016	9281
5701	23017	9276
5702	23019	9271
5703	23023	9267
5704	23026	9262
5705	23029	9258
5706	23032	9254
5707	23036	9250
5708	23039	9245
5709	23043	9241
5710	23045	9236
5711	23049	9232
5712	23051	9228
5713	23128	9252
5714	23130	9248
5715	23135	9244
5716	23139	9240
5717	23143	9236
5718	23148	9232
5719	23152	9228
5720	23154	9223
5721	23158	9219
5722	23160	9215
5723	23164	9210
5724	23166	9205
5725	23167	9200
5726	23170	9196
5727	23170	9190
5728	23173	9185
5729	23176	9181
5730	23178	9176
5731	23181	9172
5732	23185	9168
5733	23189	9164
5734	23192	9159
5735	23195	9155
5736	23198	9150
5737	23199	9145
5738	23201	9140
5739	23205	9136
5740	23208	9132
5741	23211	9127
5742	23217	9124
5743	23232	9124
5744	23232	9119
5745	23236	9114
5746	23244	9112
5747	23250	9109
5748	23261	9107
5749	23264	9103
5750	23270	9100
5751	23273	9095
5752	23277	9091
5753	23280	9087
5754	23284	9083
5755	23288	9079
5756	23289	9073
5757	23292	9069
5758	23297	9065
5759	23301	9061
5760	23301	9056
5761	23306	9052
5762	23313	9049
5763	23331	9050
5764	23336	9047
5765	23340	9043
5766	23343	9038
5767	23347	9034
5768	23350	9030
5769	23354	9026
5770	23359	9022
5771	23364	9018
5772	23367	9014
5773	23372	9010
5774	23376	9006
5775	23381	9002
5776	23389	9000
5777	23422	9007
5778	23444	9010
5779	23454	9008
5780	23461	9005
5781	23463	9000
5782	23466	8996
5783	23468	8991
5784	23474	8987
5785	23482	8985
5786	23489	8982
5787	23495	8979
5788	23496	8973
5789	23498	8969
5790	23500	8964
5791	23506	8961
5792	23509	8956
5793	23514	8952
5794	23519	8949
5795	23525	8945
5796	23528	8941
5797	23532	8937
5798	23533	8931
5799	23536	8927
5800	23541	8924
5801	23551	8922
5802	23558	8919
5803	23560	8914
5804	23563	8909
5805	23567	8905
5806	23573	8902
5807	23577	8898
5808	23591	8898
5809	23596	8894
5810	23599	8890
5811	23616	8890
5812	23642	8894
5813	23648	8891
5814	23655	8888
5815	23661	8885
5816	23667	8881
5817	23704	8890
5818	23712	8887
5819	23717	8883
5820	23723	8880
5821	23728	8876
5822	23735	8873
5823	23741	8870
5824	23746	8866
5825	23750	8862
5826	23758	8859
5827	23765	8857
5828	23771	8853
5829	23773	8848
5830	23776	8844
5831	23780	8840
5832	23784	8836
5833	23788	8832
5834	23794	8828
5835	23799	8824
5836	23802	8820
5837	23805	8816
5838	23810	8812
5839	23812	8807
5840	23816	8803
5841	23820	8799
5842	23824	8795
5843	23825	8789
5844	23829	8785
5845	23833	8781
5846	23836	8777
5847	23837	8771
5848	23843	8768
5849	23846	8764
5850	23850	8759
5851	23851	8754
5852	23860	8752
5853	23890	8757
5854	23901	8756
5855	23903	8751
5856	23905	8746
5857	23908	8742
5858	23912	8738
5859	23917	8734
5860	23934	8735
5861	23937	8730
5862	23941	8726
5863	23942	8721
5864	23945	8716
5865	23950	8713
5866	23954	8708
5867	23958	8704
5868	23961	8700
5869	23967	8697
5870	23972	8693
5871	23977	8689
5872	23981	8685
5873	23985	8681
5874	23987	8676
5875	23991	8672
5876	23994	8667
5877	24001	8664
5878	24006	8661
5879	24010	8656
5880	24015	8652
5881	24016	8647
5882	24020	8643
5883	24023	8639
5884	24031	8636
5885	24044	8635
5886	24050	8632
5887	24056	8629
5888	24061	8625
5889	24066	8621
5890	24068	8616
5891	24076	8613
5892	24077	8608
5893	24083	8605
5894	24090	8602
5895	24093	8597
5896	24099	8594
5897	24105	8591
5898	24110	8587
5899	24115	8583
5900	24119	8579
5901	24123	8575
5902	24126	8570
5903	24130	8566
5904	24133	8562
5905	24153	8563
5906	24156	8559
5907	24157	8554
5908	24160	8549
5909	24163	8545
5910	24167	8541
5911	24170	8536
5912	24174	8532
5913	24177	8528
5914	24182	8524
5915	24185	8519
5916	24189	8515
5917	24192	8511
5918	24196	8506
5919	24200	8502
5920	24203	8498
5921	24206	8493
5922	24209	8489
5923	24212	8485
5924	24215	8480
5925	24218	8476
5926	24222	8471
5927	24226	8467
5928	24230	8463
5929	24233	8459
5930	24237	8455
5931	24239	8450
5932	24242	8445
5933	24245	8441
5934	24248	8436
5935	24252	8432
5936	24253	8427
5937	24257	8423
5938	24259	8418
5939	24263	8414
5940	24267	8410
5941	24271	8406
5942	24275	8402
5943	24279	8398
5944	24282	8393
5945	24285	8389
5946	24288	8384
5947	24293	8380
5948	24296	8376
5949	24299	8372
5950	24300	8366
5951	24304	8362
5952	24307	8358
5953	24309	8353
5954	24312	8349
5955	24316	8345
5956	24319	8340
5957	24321	8335
5958	24324	8331
5959	24328	8327
5960	24332	8322
5961	24334	8318
5962	24339	8314
5963	24343	8310
5964	24347	8306
5965	24350	8302
5966	24355	8298
5967	24358	8293
5968	24362	8289
5969	24365	8285
5970	24368	8280
5971	24371	8276
5972	24375	8272
5973	24379	8267
5974	24381	8263
5975	24384	8258
5976	24387	8254
5977	24390	8249
5978	24393	8245
5979	24396	8241
5980	24399	8236
5981	24402	8232
5982	24403	8226
5983	24405	8222
5984	24409	8217
5985	24413	8214
5986	24420	8210
5987	24423	8206
5988	24428	8202
5989	24431	8198
5990	24436	8194
5991	24440	8190
5992	24445	8186
5993	24448	8182
5994	24453	8178
5995	24454	8173
5996	24459	8169
5997	24463	8165
5998	24467	8161
5999	24471	8157
6000	24472	8152
6001	24476	8148
6002	24477	8142
6003	24480	8138
6004	24484	8134
6005	24488	8130
6006	24489	8125
6007	24491	8120
6008	24494	8115
6009	24498	8111
6010	24501	8107
6011	24504	8103
6012	24507	8098
6013	24509	8093
6014	24512	8089
6015	24515	8084
6016	24520	8081
6017	24523	8076
6018	24527	8072
6019	24531	8068
6020	24535	8064
6021	24540	8060
6022	24544	8056
6023	24548	8052
6024	24553	8048
6025	24557	8044
6026	24560	8040
6027	24563	8035
6028	24566	8031
6029	24570	8027
6030	24574	8022
6031	24577	8018
6032	24579	8014
6033	24582	8009
6034	24586	8005
6035	24590	8001
6036	24593	7996
6037	24596	7992
6038	24600	7988
6039	24603	7983
6040	24606	7979
6041	24609	7975
6042	24612	7970
6043	24616	7966
6044	24620	7962
6045	24623	7958
6046	24626	7953
6047	24630	7949
6048	24634	7945
6049	24638	7941
6050	24640	7936
6051	24644	7932
6052	24647	7928
6053	24651	7923
6054	24654	7919
6055	24655	7914
6056	24658	7909
6057	24660	7905
6058	24664	7901
6059	24667	7896
6060	24671	7892
6061	24673	7888
6062	24677	7883
6063	24679	7879
6064	24682	7874
6065	24685	7870
6066	24689	7866
6067	24691	7861
6068	24695	7857
6069	24697	7852
6070	24700	7848
6071	24703	7844
6072	24707	7839
6073	24710	7835
6074	24713	7831
6075	24717	7826
6076	24720	7822
6077	24724	7818
6078	24727	7814
6079	24731	7810
6080	24735	7805
6081	24738	7801
6082	24742	7797
6083	24745	7792
6084	24748	7788
6085	24752	7784
6086	24756	7780
6087	24759	7775
6088	24765	7772
6089	24768	7768
6090	24773	7764
6091	24778	7760
6092	24782	7756
6093	24787	7752
6094	24792	7748
6095	24798	7745
6096	24803	7741
6097	24808	7737
6098	24812	7733
6099	24816	7729
6100	24823	7726
6101	24824	7721
6102	24827	7717
6103	24831	7713
6104	24837	7709
6105	24841	7705
6106	24846	7701
6107	24847	7696
6108	24851	7692
6109	24856	7688
6110	24860	7684
6111	24862	7680
6112	24866	7676
6113	24870	7671
6114	24875	7667
6115	24878	7663
6116	24882	7659
6117	24885	7655
6118	24889	7651
6119	24892	7646
6120	24897	7642
6121	24900	7638
6122	24901	7633
6123	24905	7629
6124	24908	7625
6125	24912	7620
6126	24915	7616
6127	24919	7612
6128	24923	7608
6129	24927	7604
6130	24930	7600
6131	24935	7596
6132	24938	7591
6133	24944	7588
6134	24947	7583
6135	24950	7579
6136	24952	7574
6137	24956	7570
6138	24959	7566
6139	24964	7562
6140	24967	7558
6141	24971	7554
6142	24975	7549
6143	24979	7545
6144	24982	7541
6145	24986	7537
6146	24990	7533
6147	24994	7529
6148	24997	7524
6149	25001	7520
6150	25001	7515
6151	25005	7511
6152	25008	7507
6153	25009	7502
6154	25013	7497
6155	25016	7493
6156	25020	7489
6157	25023	7485
6158	25028	7481
6159	25032	7477
6160	25033	7472
6161	25036	7467
6162	25039	7463
6163	25043	7459
6164	25046	7454
6165	25075	7458
6166	25083	7455
6167	25087	7451
6168	25088	7446
6169	25092	7442
6170	25094	7437
6171	25097	7433
6172	25099	7428
6173	25101	7423
6174	25104	7419
6175	25108	7415
6176	25110	7410
6177	25114	7406
6178	25117	7402
6179	25121	7398
6180	25123	7393
6181	25127	7389
6182	25129	7384
6183	25133	7380
6184	25136	7376
6185	25138	7371
6186	25142	7367
6187	25145	7363
6188	25148	7358
6189	25151	7354
6190	25154	7350
6191	25157	7345
6192	25160	7341
6193	25163	7337
6194	25166	7332
6195	25169	7328
6196	25174	7324
6197	25181	7321
6198	25185	7317
6199	25187	7312
6200	25191	7308
6201	25194	7304
6202	25196	7299
6203	25198	7294
6204	25202	7290
6205	25205	7286
6206	25208	7281
6207	25211	7277
6208	25213	7273
6209	25217	7268
6210	25220	7264
6211	25223	7260
6212	25226	7255
6213	25229	7251
6214	25234	7247
6215	25239	7243
6216	25242	7239
6217	25244	7234
6218	25247	7230
6219	25247	7225
6220	25250	7220
6221	25253	7216
6222	25254	7211
6223	25257	7207
6224	25259	7202
6225	25261	7197
6226	25264	7193
6227	25267	7189
6228	25268	7184
6229	25271	7179
6230	25274	7175
6231	25279	7171
6232	25283	7167
6233	25284	7162
6234	25285	7157
6235	25289	7153
6236	25293	7149
6237	25297	7145
6238	25300	7141
6239	25305	7137
6240	25308	7133
6241	25312	7129
6242	25316	7124
6243	25320	7120
6244	25323	7116
6245	25326	7112
6246	25330	7108
6247	25334	7104
6248	25337	7099
6249	25343	7096
6250	25345	7091
6251	25348	7087
6252	25351	7082
6253	25355	7078
6254	25358	7074
6255	25362	7070
6256	25365	7066
6257	25369	7062
6258	25374	7058
6259	25377	7053
6260	25381	7049
6261	25384	7045
6262	25386	7040
6263	25390	7036
6264	25393	7032
6265	25395	7027
6266	25398	7023
6267	25401	7019
6268	25403	7014
6269	25407	7010
6270	25410	7005
6271	25414	7002
6272	25418	6997
6273	25422	6993
6274	25422	6988
6275	25425	6984
6276	25430	6980
6277	25434	6976
6278	25438	6972
6279	25439	6967
6280	25444	6963
6281	25448	6959
6282	25452	6955
6283	25455	6951
6284	25459	6947
6285	25462	6942
6286	25468	6939
6287	25471	6935
6288	25475	6931
6289	25478	6926
6290	25483	6922
6291	25485	6918
6292	25488	6913
6293	25491	6909
6294	25495	6905
6295	25498	6900
6296	25501	6896
6297	25503	6892
6298	25506	6887
6299	25509	6883
6300	25513	6879
6301	25516	6875
6302	25519	6870
6303	25522	6866
6304	25526	6862
6305	25529	6858
6306	25532	6853
6307	25535	6849
6308	25538	6845
6309	25543	6841
6310	25548	6837
6311	25551	6833
6312	25555	6829
6313	25557	6824
6314	25561	6820
6315	25564	6816
6316	25565	6811
6317	25567	6806
6318	25571	6802
6319	25574	6798
6320	25577	6793
6321	25580	6789
6322	25584	6785
6323	25587	6781
6324	25590	6776
6325	25593	6772
6326	25596	6768
6327	25599	6764
6328	25603	6759
6329	25606	6755
6330	25607	6750
6331	25609	6746
6332	25613	6742
6333	25616	6737
6334	25619	6733
6335	25622	6729
6336	25622	6724
6337	25625	6719
6338	25628	6715
6339	25634	6711
6340	25638	6707
6341	25641	6703
6342	25645	6699
6343	25648	6695
6344	25652	6691
6345	25655	6686
6346	25658	6682
6347	25661	6678
6348	25665	6674
6349	25669	6669
6350	25673	6665
6351	25673	6660
6352	25677	6656
6353	25681	6652
6354	25684	6648
6355	25689	6644
6356	25693	6640
6357	25697	6636
6358	25701	6632
6359	25705	6628
6360	25708	6624
6361	25711	6619
6362	25716	6616
6363	25721	6612
6364	25725	6608
6365	25728	6603
6366	25731	6599
6367	25735	6595
6368	25739	6591
6369	25742	6587
6370	25746	6583
6371	25750	6579
6372	25754	6574
6373	25755	6570
6374	25758	6565
6375	25762	6561
6376	25764	6557
6377	25767	6553
6378	25769	6548
6379	25772	6544
6380	25775	6539
6381	25780	6535
6382	25783	6531
6383	25787	6527
6384	25792	6523
6385	25795	6519
6386	25798	6515
6387	25801	6511
6388	25805	6506
6389	25808	6502
6390	25811	6498
6391	25815	6494
6392	25816	6489
6393	25819	6485
6394	25821	6480
6395	25825	6476
6396	25826	6471
6397	25828	6467
6398	25830	6462
6399	25833	6458
6400	25837	6454
6401	25841	6450
6402	25844	6445
6403	25848	6441
6404	25851	6437
6405	25856	6433
6406	25857	6429
6407	25861	6425
6408	25864	6420
6409	25868	6416
6410	25872	6412
6411	25876	6408
6412	25879	6404
6413	25884	6400
6414	25887	6396
6415	25891	6392
6416	25896	6388
6417	25901	6384
6418	25906	6380
6419	25911	6376
6420	25914	6372
6421	25919	6368
6422	25924	6364
6423	25929	6361
6424	25935	6357
6425	25939	6353
6426	25943	6349
6427	25948	6345
6428	25953	6341
6429	25958	6338
6430	25962	6334
6431	25966	6330
6432	25970	6325
6433	25973	6321
6434	25976	6317
6435	25980	6313
6436	25982	6308
6437	25986	6304
6438	25989	6300
6439	25993	6296
6440	25997	6292
6441	26001	6288
6442	26004	6284
6443	26009	6280
6444	26014	6276
6445	26017	6272
6446	26019	6267
6447	26023	6263
6448	26026	6259
6449	26029	6255
6450	26034	6251
6451	26037	6246
6452	26040	6242
6453	26043	6238
6454	26046	6234
6455	26049	6229
6456	26053	6225
6457	26056	6221
6458	26059	6217
6459	26062	6213
6460	26066	6208
6461	26069	6204
6462	26073	6200
6463	26075	6196
6464	26079	6192
6465	26082	6187
6466	26084	6183
6467	26088	6179
6468	26090	6174
6469	26094	6170
6470	26097	6166
6471	26101	6162
6472	26104	6158
6473	26107	6153
6474	26110	6149
6475	26113	6145
6476	26116	6141
6477	26120	6136
6478	26122	6132
6479	26125	6128
6480	26127	6123
6481	26131	6119
6482	26133	6115
6483	26137	6111
6484	26137	6106
6485	26140	6101
6486	26142	6097
6487	26145	6093
6488	26148	6088
6489	26151	6084
6490	26154	6080
6491	26157	6075
6492	26159	6071
6493	26162	6067
6494	26163	6062
6495	26164	6057
6496	26168	6053
6497	26170	6049
6498	26173	6045
6499	26175	6040
6500	26178	6036
6501	26183	6032
6502	26186	6028
6503	26189	6023
6504	26193	6019
6505	26195	6015
6506	26201	6011
6507	26203	6007
6508	26206	6003
6509	26234	6004
6510	26235	5999
6511	26238	5995
6512	26241	5991
6513	26244	5986
6514	26246	5982
6515	26250	5978
6516	26252	5974
6517	26256	5970
6518	26259	5965
6519	26262	5961
6520	26265	5957
6521	26268	5952
6522	26269	5948
6523	26272	5943
6524	26275	5939
6525	26278	5935
6526	26281	5931
6527	26284	5926
6528	26287	5922
6529	26290	5918
6530	26293	5914
6531	26295	5909
6532	26298	5905
6533	26301	5901
6534	26303	5896
6535	26306	5892
6536	26309	5888
6537	26312	5883
6538	26318	5880
6539	26322	5876
6540	26323	5871
6541	26326	5867
6542	26329	5863
6543	26332	5858
6544	26334	5854
6545	26338	5850
6546	26340	5845
6547	26343	5841
6548	26347	5837
6549	26349	5833
6550	26350	5828
6551	26353	5824
6552	26356	5819
6553	26359	5815
6554	26360	5810
6555	26362	5806
6556	26365	5802
6557	26369	5798
6558	26372	5793
6559	26375	5789
6560	26375	5784
6561	26377	5780
6562	26380	5776
6563	26383	5771
6564	26387	5767
6565	26390	5763
6566	26393	5759
6567	26396	5755
6568	26400	5751
6569	26403	5746
6570	26407	5742
6571	26408	5738
6572	26412	5734
6573	26414	5729
6574	26418	5725
6575	26420	5721
6576	26424	5717
6577	26425	5712
6578	26428	5708
6579	26432	5704
6580	26435	5700
6581	26438	5695
6582	26442	5691
6583	26447	5688
6584	26451	5684
6585	26454	5679
6586	26458	5675
6587	26461	5671
6588	26464	5667
6589	26465	5662
6590	26468	5658
6591	26471	5654
6592	26475	5649
6593	26478	5645
6594	26482	5641
6595	26484	5637
6596	26488	5633
6597	26491	5629
6598	26495	5625
6599	26497	5620
6600	26500	5616
6601	26504	5612
6602	26506	5608
6603	26510	5603
6604	26513	5599
6605	26517	5595
6606	26519	5591
6607	26522	5587
6608	26525	5582
6609	26529	5578
6610	26532	5574
6611	26536	5570
6612	26538	5566
6613	26541	5561
6614	26544	5557
6615	26548	5553
6616	26550	5549
6617	26554	5545
6618	26556	5540
6619	26560	5536
6620	26562	5532
6621	26566	5528
6622	26568	5523
6623	26573	5520
6624	26576	5515
6625	26579	5511
6626	26582	5507
6627	26588	5503
6628	26590	5499
6629	26591	5494
6630	26594	5490
6631	26597	5486
6632	26600	5482
6633	26603	5477
6634	26607	5473
6635	26609	5469
6636	26614	5465
6637	26616	5461
6638	26619	5456
6639	26622	5452
6640	26626	5448
6641	26629	5444
6642	26631	5440
6643	26635	5436
6644	26638	5431
6645	26640	5427
6646	26644	5423
6647	26646	5419
6648	26649	5414
6649	26652	5410
6650	26655	5406
6651	26658	5402
6652	26661	5398
6653	26664	5393
6654	26666	5389
6655	26668	5384
6656	26670	5380
6657	26674	5376
6658	26677	5372
6659	26680	5368
6660	26682	5363
6661	26685	5359
6662	26689	5355
6663	26693	5351
6664	26696	5347
6665	26697	5342
6666	26699	5338
6667	26702	5334
6668	26705	5329
6669	26708	5325
6670	26711	5321
6671	26714	5317
6672	26717	5313
6673	26720	5308
6674	26723	5304
6675	26726	5300
6676	26729	5296
6677	26732	5292
6678	26736	5288
6679	26739	5283
6680	26742	5279
6681	26746	5275
6682	26750	5271
6683	26754	5267
6684	26756	5263
6685	26761	5259
6686	26765	5255
6687	26767	5251
6688	26769	5246
6689	26772	5242
6690	26772	5237
6691	26775	5233
6692	26779	5229
6693	26783	5225
6694	26785	5221
6695	26788	5216
6696	26792	5212
6697	26795	5208
6698	26799	5204
6699	26802	5200
6700	26805	5196
6701	26808	5192
6702	26811	5187
6703	26813	5183
6704	26817	5179
6705	26820	5175
6706	26823	5171
6707	26828	5167
6708	26830	5162
6709	26834	5158
6710	26837	5154
6711	26841	5150
6712	26845	5146
6713	26848	5142
6714	26852	5138
6715	26855	5134
6716	26859	5130
6717	26861	5126
6718	26865	5121
6719	26866	5117
6720	26869	5113
6721	26872	5109
6722	26873	5104
6723	26876	5100
6724	26880	5096
6725	26882	5091
6726	26885	5087
6727	26888	5083
6728	26892	5079
6729	26895	5075
6730	26899	5071
6731	26903	5067
6732	26907	5063
6733	26909	5059
6734	26910	5054
6735	26913	5050
6736	26916	5046
6737	26918	5041
6738	26922	5037
6739	26925	5033
6740	26928	5029
6741	26932	5025
6742	26935	5021
6743	26936	5016
6744	26940	5012
6745	26943	5008
6746	26945	5004
6747	26946	4999
6748	26949	4995
6749	26952	4991
6750	26955	4987
6751	26958	4982
6752	26961	4978
6753	26965	4974
6754	26968	4970
6755	26971	4966
6756	26974	4962
6757	26978	4958
6758	26981	4954
6759	26985	4949
6760	26987	4945
6761	26992	4941
6762	26994	4937
6763	26998	4933
6764	27001	4929
6765	27002	4924
6766	27005	4920
6767	27007	4916
6768	27011	4912
6769	27014	4908
6770	27017	4903
6771	27019	4899
6772	27023	4895
6773	27026	4891
6774	27030	4887
6775	27030	4882
6776	27031	4878
6777	27034	4874
6778	27037	4869
6779	27041	4865
6780	27041	4861
6781	27044	4857
6782	27048	4853
6783	27051	4848
6784	27054	4844
6785	27058	4840
6786	27061	4836
6787	27065	4832
6788	27068	4828
6789	27072	4824
6790	27075	4820
6791	27079	4816
6792	27081	4811
6793	27084	4807
6794	27087	4803
6795	27091	4799
6796	27095	4795
6797	27100	4791
6798	27102	4787
6799	27107	4783
6800	27109	4779
6801	27113	4775
6802	27115	4770
6803	27119	4766
6804	27122	4762
6805	27125	4758
6806	27127	4754
6807	27130	4750
6808	27133	4746
6809	27137	4742
6810	27140	4737
6811	27142	4733
6812	27145	4729
6813	27149	4725
6814	27153	4721
6815	27155	4717
6816	27157	4712
6817	27181	4712
6818	27185	4708
6819	27193	4705
6820	27196	4700
6821	27200	4696
6822	27203	4692
6823	27207	4688
6824	27210	4684
6825	27213	4680
6826	27216	4676
6827	27219	4672
6828	27221	4667
6829	27224	4663
6830	27226	4659
6831	27230	4655
6832	27232	4651
6833	27235	4646
6834	27237	4642
6835	27240	4638
6836	27240	4633
6837	27242	4629
6838	27246	4625
6839	27249	4621
6840	27251	4616
6841	27254	4612
6842	27255	4608
6843	27257	4604
6844	27260	4599
6845	27263	4595
6846	27266	4591
6847	27269	4587
6848	27271	4583
6849	27274	4578
6850	27278	4574
6851	27281	4570
6852	27284	4566
6853	27288	4562
6854	27291	4558
6855	27295	4554
6856	27298	4550
6857	27301	4546
6858	27304	4542
6859	27307	4538
6860	27311	4534
6861	27313	4529
6862	27317	4525
6863	27320	4521
6864	27323	4517
6865	27326	4513
6866	27330	4509
6867	27332	4505
6868	27335	4500
6869	27338	4496
6870	27342	4492
6871	27348	4489
6872	27349	4484
6873	27352	4480
6874	27354	4476
6875	27357	4472
6876	27360	4467
6877	27363	4463
6878	27366	4459
6879	27371	4455
6880	27374	4451
6881	27377	4447
6882	27378	4443
6883	27382	4439
6884	27385	4434
6885	27387	4430
6886	27389	4426
6887	27392	4422
6888	27395	4418
6889	27399	4414
6890	27402	4409
6891	27405	4405
6892	27408	4401
6893	27411	4397
6894	27413	4393
6895	27416	4389
6896	27419	4385
6897	27422	4380
6898	27425	4376
6899	27428	4372
6900	27431	4368
6901	27434	4364
6902	27437	4360
6903	27441	4356
6904	27446	4352
6905	27450	4348
6906	27453	4344
6907	27456	4340
6908	27459	4336
6909	27462	4332
6910	27465	4327
6911	27469	4323
6912	27469	4319
6913	27472	4315
6914	27474	4310
6915	27475	4306
6916	27478	4302
6917	27482	4298
6918	27484	4294
6919	27488	4290
6920	27491	4285
6921	27494	4281
6922	27496	4277
6923	27500	4273
6924	27503	4269
6925	27506	4265
6926	27510	4261
6927	27513	4257
6928	27517	4253
6929	27519	4248
6930	27522	4244
6931	27525	4240
6932	27528	4236
6933	27528	4232
6934	27531	4227
6935	27534	4223
6936	27537	4219
6937	27540	4215
6938	27542	4211
6939	27546	4207
6940	27548	4203
6941	27552	4199
6942	27554	4194
6943	27558	4190
6944	27561	4186
6945	27565	4182
6946	27567	4178
6947	27570	4174
6948	27573	4170
6949	27576	4166
6950	27580	4162
6951	27583	4158
6952	27586	4154
6953	27588	4149
6954	27592	4145
6955	27593	4141
6956	27596	4137
6957	27598	4133
6958	27601	4128
6959	27604	4124
6960	27607	4120
6961	27610	4116
6962	27612	4112
6963	27616	4108
6964	27619	4104
6965	27621	4100
6966	27624	4095
6967	27627	4091
6968	27630	4087
6969	27633	4083
6970	27636	4079
6971	27639	4075
6972	27639	4070
6973	27642	4066
6974	27646	4062
6975	27648	4058
6976	27652	4054
6977	27655	4050
6978	27658	4046
6979	27661	4042
6980	27665	4038
6981	27668	4034
6982	27671	4030
6983	27673	4025
6984	27676	4021
6985	27678	4017
6986	27681	4013
6987	27684	4009
6988	27687	4005
6989	27690	4001
6990	27693	3996
6991	27696	3992
6992	27699	3988
6993	27701	3984
6994	27705	3980
6995	27709	3976
6996	27710	3972
6997	27713	3968
6998	27716	3963
6999	27719	3959
7000	27722	3955
7001	27725	3951
7002	27728	3947
7003	27732	3943
7004	27736	3939
7005	27739	3935
7006	27742	3931
7007	27746	3927
7008	27748	3923
7009	27752	3919
7010	27756	3915
7011	27759	3911
7012	27763	3907
7013	27767	3903
7014	27770	3899
7015	27773	3895
7016	27777	3891
7017	27781	3887
7018	27785	3883
7019	27789	3879
7020	27792	3875
7021	27795	3871
7022	27798	3867
7023	27803	3863
7024	27806	3859
7025	27807	3854
7026	27811	3850
7027	27814	3846
7028	27817	3842
7029	27821	3838
7030	27823	3834
7031	27828	3830
7032	27831	3826
7033	27835	3822
7034	27839	3818
7035	27842	3814
7036	27846	3810
7037	27849	3806
7038	27852	3802
7039	27856	3798
7040	27859	3794
7041	27864	3790
7042	27868	3786
7043	27873	3782
7044	27877	3778
7045	27881	3775
7046	27887	3771
7047	27891	3767
7048	27892	3763
7049	27893	3758
7050	27897	3754
7051	27902	3750
7052	27905	3746
7053	27909	3742
7054	27914	3739
7055	27915	3734
7056	27920	3730
7057	27924	3726
7058	27928	3723
7059	27932	3719
7060	27937	3715
7061	27941	3711
7062	27946	3707
7063	27956	3704
7064	27960	3700
7065	27963	3696
7066	27968	3692
7067	27971	3688
7068	27975	3684
7069	27978	3680
7070	27982	3676
7071	27987	3672
7072	27991	3668
7073	27994	3664
7074	27998	3660
7075	28001	3656
7076	28005	3652
7077	28006	3648
7078	28010	3644
7079	28013	3640
7080	28017	3636
7081	28020	3632
7082	28024	3628
7083	28028	3624
7084	28032	3620
7085	28035	3616
7086	28039	3612
7087	28043	3608
7088	28046	3604
7089	28050	3600
7090	28054	3596
7091	28057	3592
7092	28060	3588
7093	28063	3584
7094	28067	3580
7095	28070	3576
7096	28074	3572
7097	28076	3567
7098	28081	3564
7099	28084	3560
7100	28089	3556
7101	28093	3552
7102	28097	3548
7103	28100	3544
7104	28104	3540
7105	28105	3535
7106	28108	3531
7107	28111	3527
7108	28115	3523
7109	28141	3522
7110	28145	3518
7111	28149	3514
7112	28152	3510
7113	28155	3506
7114	28158	3502
7115	28162	3498
7116	28163	3494
7117	28164	3489
7118	28167	3485
7119	28169	3481
7120	28172	3477
7121	28176	3473
7122	28180	3469
7123	28183	3465
7124	28186	3461
7125	28191	3457
7126	28195	3453
7127	28199	3449
7128	28202	3445
7129	28205	3441
7130	28208	3437
7131	28211	3433
7132	28214	3429
7133	28217	3425
7134	28221	3421
7135	28224	3417
7136	28227	3413
7137	28229	3409
7138	28233	3405
7139	28236	3401
7140	28240	3397
7141	28243	3392
7142	28246	3388
7143	28250	3384
7144	28253	3380
7145	28256	3376
7146	28259	3372
7147	28262	3368
7148	28265	3364
7149	28269	3360
7150	28272	3356
7151	28275	3352
7152	28277	3348
7153	28280	3344
7154	28284	3340
7155	28286	3336
7156	28287	3331
7157	28290	3327
7158	28294	3323
7159	28297	3319
7160	28297	3315
7161	28301	3311
7162	28307	3307
7163	28313	3304
7164	28316	3299
7165	28319	3295
7166	28322	3291
7167	28326	3287
7168	28329	3283
7169	28330	3279
7170	28333	3275
7171	28336	3271
7172	28340	3267
7173	28341	3263
7174	28342	3258
7175	28346	3254
7176	28349	3250
7177	28350	3246
7178	28354	3242
7179	28356	3238
7180	28361	3234
7181	28363	3230
7182	28367	3226
7183	28370	3222
7184	28374	3218
7185	28378	3214
7186	28381	3210
7187	28384	3206
7188	28387	3202
7189	28390	3198
7190	28394	3194
7191	28396	3190
7192	28400	3186
7193	28402	3182
7194	28403	3177
7195	28405	3173
7196	28409	3169
7197	28411	3165
7198	28415	3161
7199	28417	3157
7200	28421	3153
7201	28421	3149
7202	28424	3145
7203	28427	3141
7204	28430	3137
7205	28433	3132
7206	28435	3128
7207	28437	3124
7208	28438	3120
7209	28441	3116
7210	28443	3112
7211	28447	3108
7212	28450	3104
7213	28451	3099
7214	28454	3095
7215	28458	3091
7216	28461	3087
7217	28465	3083
7218	28467	3079
7219	28469	3075
7220	28471	3071
7221	28474	3067
7222	28478	3063
7223	28480	3059
7224	28482	3055
7225	28485	3051
7226	28488	3047
7227	28491	3043
7228	28494	3039
7229	28498	3035
7230	28503	3031
7231	28506	3027
7232	28510	3023
7233	28514	3019
7234	28520	3015
7235	28523	3011
7236	28528	3007
7237	28532	3003
7238	28534	2999
7239	28538	2995
7240	28543	2991
7241	28546	2987
7242	28552	2984
7243	28555	2980
7244	28559	2976
7245	28559	2971
7246	28562	2967
7247	28573	2964
7248	28577	2960
7249	28583	2956
7250	28588	2953
7251	28590	2948
7252	28593	2944
7253	28597	2941
7254	28601	2937
7255	28603	2932
7256	28605	2928
7257	28608	2924
7258	28613	2920
7259	28616	2916
7260	28620	2912
7261	28624	2909
7262	28627	2904
7263	28631	2900
7264	28634	2896
7265	28637	2892
7266	28638	2888
7267	28641	2884
7268	28645	2880
7269	28648	2876
7270	28652	2872
7271	28652	2868
7272	28655	2864
7273	28656	2860
7274	28661	2856
7275	28664	2852
7276	28669	2848
7277	28672	2844
7278	28677	2840
7279	28679	2836
7280	28683	2832
7281	28686	2828
7282	28690	2824
7283	28694	2820
7284	28698	2816
7285	28700	2812
7286	28707	2808
7287	28710	2804
7288	28714	2800
7289	28718	2797
7290	28722	2793
7291	28725	2789
7292	28729	2785
7293	28732	2781
7294	28737	2777
7295	28738	2773
7296	28741	2768
7297	28744	2764
7298	28747	2760
7299	28750	2756
7300	28753	2752
7301	28756	2748
7302	28760	2744
7303	28763	2740
7304	28766	2736
7305	28769	2732
7306	28772	2728
7307	28776	2724
7308	28780	2720
7309	28784	2716
7310	28787	2712
7311	28790	2708
7312	28794	2704
7313	28797	2700
7314	28801	2697
7315	28804	2693
7316	28808	2689
7317	28811	2685
7318	28815	2681
7319	28818	2677
7320	28822	2673
7321	28825	2669
7322	28826	2665
7323	28830	2661
7324	28833	2656
7325	28834	2652
7326	28837	2648
7327	28840	2644
7328	28844	2640
7329	28847	2636
7330	28850	2632
7331	28853	2628
7332	28856	2624
7333	28858	2620
7334	28862	2616
7335	28864	2612
7336	28868	2608
7337	28870	2604
7338	28874	2600
7339	28875	2596
7340	28877	2592
7341	28880	2588
7342	28883	2584
7343	28886	2580
7344	28890	2576
7345	28893	2572
7346	28895	2568
7347	28897	2564
7348	28900	2560
7349	28903	2556
7350	28906	2552
7351	28909	2548
7352	28913	2544
7353	28914	2539
7354	28916	2535
7355	28920	2531
7356	28921	2527
7357	28925	2523
7358	28926	2519
7359	28929	2515
7360	28932	2511
7361	28936	2507
7362	28938	2503
7363	28942	2499
7364	28945	2495
7365	28948	2491
7366	28951	2487
7367	28956	2483
7368	28960	2479
7369	28964	2475
7370	28967	2471
7371	28971	2468
7372	28973	2463
7373	28977	2459
7374	28979	2455
7375	28982	2451
7376	28985	2447
7377	28987	2443
7378	28989	2439
7379	28990	2435
7380	28993	2431
7381	28997	2427
7382	29000	2423
7383	29003	2419
7384	29006	2415
7385	29009	2411
7386	29012	2407
7387	29015	2403
7388	29019	2399
7389	29021	2395
7390	29025	2391
7391	29028	2387
7392	29029	2383
7393	29031	2379
7394	29032	2375
7395	29034	2371
7396	29038	2367
7397	29040	2363
7398	29043	2359
7399	29046	2355
7400	29049	2351
7401	29051	2347
7402	29055	2343
7403	29058	2339
7404	29061	2335
7405	29065	2331
7406	29068	2327
7407	29070	2323
7408	29074	2319
7409	29075	2315
7410	29079	2311
7411	29082	2307
7412	29085	2303
7413	29088	2299
7414	29089	2294
7415	29092	2290
7416	29095	2286
7417	29098	2282
7418	29100	2278
7419	29103	2274
7420	29106	2270
7421	29131	2268
7422	29134	2264
7423	29139	2260
7424	29142	2256
7425	29145	2252
7426	29148	2248
7427	29152	2244
7428	29155	2240
7429	29158	2236
7430	29161	2232
7431	29164	2228
7432	29167	2224
7433	29170	2220
7434	29173	2216
7435	29174	2212
7436	29177	2208
7437	29180	2204
7438	29185	2200
7439	29189	2197
7440	29192	2193
7441	29196	2189
7442	29197	2185
7443	29200	2181
7444	29200	2176
7445	29201	2172
7446	29205	2168
7447	29206	2164
7448	29208	2160
7449	29209	2156
7450	29212	2152
7451	29216	2148
7452	29219	2144
7453	29223	2140
7454	29226	2136
7455	29229	2132
7456	29233	2128
7457	29234	2124
7458	29237	2120
7459	29240	2116
7460	29243	2112
7461	29247	2108
7462	29249	2104
7463	29253	2100
7464	29256	2096
7465	29260	2092
7466	29265	2088
7467	29268	2084
7468	29272	2081
7469	29276	2077
7470	29279	2073
7471	29283	2069
7472	29287	2065
7473	29290	2061
7474	29292	2057
7475	29297	2053
7476	29300	2049
7477	29304	2045
7478	29307	2041
7479	29311	2037
7480	29315	2033
7481	29319	2029
7482	29322	2025
7483	29325	2021
7484	29328	2017
7485	29332	2013
7486	29334	2009
7487	29338	2006
7488	29341	2002
7489	29347	1998
7490	29347	1994
7491	29351	1990
7492	29355	1986
7493	29359	1982
7494	29363	1978
7495	29365	1974
7496	29369	1970
7497	29370	1966
7498	29377	1962
7499	29380	1958
7500	29382	1954
7501	29385	1950
7502	29389	1946
7503	29392	1942
7504	29395	1938
7505	29399	1934
7506	29402	1930
7507	29405	1926
7508	29408	1922
7509	29411	1918
7510	29414	1915
7511	29418	1911
7512	29421	1907
7513	29424	1903
7514	29427	1899
7515	29429	1895
7516	29432	1891
7517	29435	1887
7518	29438	1883
7519	29440	1879
7520	29443	1875
7521	29447	1871
7522	29450	1867
7523	29453	1863
7524	29456	1859
7525	29459	1855
7526	29462	1851
7527	29463	1847
7528	29466	1843
7529	29469	1839
7530	29472	1835
7531	29474	1831
7532	29477	1827
7533	29480	1823
7534	29484	1819
7535	29485	1815
7536	29488	1811
7537	29490	1807
7538	29495	1803
7539	29498	1799
7540	29501	1795
7541	29505	1791
7542	29509	1787
7543	29512	1783
7544	29515	1779
7545	29519	1776
7546	29522	1772
7547	29525	1768
7548	29527	1764
7549	29532	1760
7550	29534	1756
7551	29537	1752
7552	29538	1748
7553	29540	1744
7554	29543	1740
7555	29547	1736
7556	29550	1732
7557	29551	1728
7558	29555	1724
7559	29557	1720
7560	29560	1716
7561	29563	1712
7562	29566	1708
7563	29568	1704
7564	29572	1700
7565	29575	1696
7566	29579	1692
7567	29582	1688
7568	29586	1684
7569	29588	1680
7570	29593	1676
7571	29595	1672
7572	29598	1668
7573	29601	1664
7574	29604	1660
7575	29608	1657
7576	29610	1653
7577	29612	1649
7578	29613	1644
7579	29615	1640
7580	29618	1637
7581	29622	1633
7582	29625	1629
7583	29628	1625
7584	29631	1621
7585	29632	1617
7586	29635	1613
7587	29638	1609
7588	29641	1605
7589	29643	1601
7590	29645	1597
7591	29647	1593
7592	29650	1589
7593	29653	1585
7594	29657	1581
7595	29659	1577
7596	29662	1573
7597	29663	1569
7598	29667	1565
7599	29670	1561
7600	29672	1557
7601	29676	1553
7602	29678	1549
7603	29682	1545
7604	29685	1541
7605	29689	1537
7606	29692	1533
7607	29693	1529
7608	29696	1525
7609	29699	1522
7610	29703	1518
7611	29706	1514
7612	29709	1510
7613	29712	1506
7614	29715	1502
7615	29715	1498
7616	29719	1494
7617	29722	1490
7618	29725	1486
7619	29728	1482
7620	29730	1478
7621	29735	1474
7622	29737	1470
7623	29740	1466
7624	29743	1462
7625	29747	1458
7626	29747	1454
7627	29756	1451
7628	29759	1447
7629	29762	1443
7630	29766	1439
7631	29768	1435
7632	29771	1431
7633	29775	1427
7634	29778	1423
7635	29781	1419
7636	29784	1415
7637	29787	1411
7638	29791	1407
7639	29793	1403
7640	29797	1399
7641	29800	1396
7642	29803	1392
7643	29805	1388
7644	29807	1384
7645	29809	1380
7646	29813	1376
7647	29816	1372
7648	29818	1368
7649	29822	1364
7650	29825	1360
7651	29828	1356
7652	29830	1352
7653	29834	1348
7654	29837	1344
7655	29840	1340
7656	29843	1336
7657	29846	1332
7658	29849	1328
7659	29852	1325
7660	29852	1320
7661	29855	1317
7662	29859	1313
7663	29862	1309
7664	29866	1305
7665	29866	1301
7666	29871	1297
7667	29876	1293
7668	29879	1289
7669	29883	1285
7670	29886	1281
7671	29892	1278
7672	29897	1274
7673	29899	1270
7674	29904	1266
7675	29908	1262
7676	29911	1258
7677	29916	1254
7678	29920	1250
7679	29923	1246
7680	29927	1242
7681	29931	1239
7682	29935	1235
7683	29938	1231
7684	29942	1227
7685	29946	1223
7686	29950	1219
7687	29951	1215
7688	29954	1211
7689	29959	1207
7690	29962	1203
7691	29966	1199
7692	29971	1196
7693	29975	1192
7694	29978	1188
7695	29984	1184
7696	29988	1180
7697	29997	1176
7698	30001	1172
7699	30004	1168
7700	30008	1165
7701	30011	1161
7702	30015	1157
7703	30018	1153
7704	30023	1149
7705	30028	1145
7706	30031	1141
7707	30035	1137
7708	30039	1133
7709	30043	1130
7710	30047	1126
7711	30051	1122
7712	30055	1118
7713	30059	1114
7714	30063	1110
7715	30065	1106
7716	30068	1102
7717	30071	1098
7718	30071	1094
7719	30075	1090
7720	30078	1086
7721	30082	1083
7722	30085	1079
7723	30090	1075
7724	30093	1071
7725	30096	1067
7726	30123	1064
7727	30132	1060
7728	30133	1056
7729	30137	1052
7730	30141	1048
7731	30144	1044
7732	30147	1040
7733	30150	1036
7734	30154	1033
7735	30157	1029
7736	30161	1025
7737	30164	1021
7738	30168	1017
7739	30168	1013
7740	30172	1009
7741	30176	1005
7742	30180	1001
7743	30181	997
7744	30184	993
7745	30187	989
7746	30191	985
7747	30194	982
7748	30197	978
7749	30201	974
7750	30204	970
7751	30208	966
7752	30211	962
7753	30214	958
7754	30218	954
7755	30221	950
7756	30224	946
7757	30227	942
7758	30229	938
7759	30232	935
7760	30235	931
7761	30238	927
7762	30242	923
7763	30245	919
7764	30248	915
7765	30251	911
7766	30254	907
7767	30256	903
7768	30260	899
7769	30264	895
7770	30265	891
7771	30269	887
7772	30272	884
7773	30276	880
7774	30281	876
7775	30284	872
7776	30288	868
7777	30289	864
7778	30292	860
7779	30295	856
7780	30299	852
7781	30304	848
7782	30307	845
7783	30310	841
7784	30314	837
7785	30314	833
7786	30315	829
7787	30316	825
7788	30318	821
7789	30320	817
7790	30323	813
7791	30327	809
7792	30329	805
7793	30333	801
7794	30336	797
7795	30339	793
7796	30339	789
7797	30343	786
7798	30345	782
7799	30348	778
7800	30352	774
7801	30355	770
7802	30359	766
7803	30361	762
7804	30365	758
7805	30365	754
7806	30368	750
7807	30370	746
7808	30374	742
7809	30377	739
7810	30380	735
7811	30383	731
7812	30385	727
7813	30389	723
7814	30391	719
7815	30394	715
7816	30396	711
7817	30399	707
7818	30402	703
7819	30405	699
7820	30408	695
7821	30411	692
7822	30414	688
7823	30418	684
7824	30421	680
7825	30423	676
7826	30427	672
7827	30430	668
7828	30432	664
7829	30436	660
7830	30438	656
7831	30442	653
7832	30445	649
7833	30446	645
7834	30448	641
7835	30451	637
7836	30455	633
7837	30457	629
7838	30461	625
7839	30466	621
7840	30471	617
7841	30474	614
7842	30478	610
7843	30498	606
7844	30500	602
7845	30505	598
7846	30508	594
7847	30514	591
7848	30518	587
7849	30522	583
7850	30525	579
7851	30530	575
7852	30532	571
7853	30533	567
7854	30536	563
7855	30538	559
7856	30541	555
7857	30544	551
7858	30547	548
7859	30550	544
7860	30553	540
7861	30556	536
7862	30559	532
7863	30561	528
7864	30564	524
7865	30567	520
7866	30570	516
7867	30573	512
7868	30577	509
7869	30580	505
7870	30583	501
7871	30586	497
7872	30587	493
7873	30590	489
7874	30594	485
7875	30597	481
7876	30600	477
7877	30604	473
7878	30604	470
7879	30608	466
7880	30609	462
7881	30612	458
7882	30615	454
7883	30618	450
7884	30621	446
7885	30625	442
7886	30628	438
7887	30632	434
7888	30634	431
7889	30638	427
7890	30641	423
7891	30645	419
7892	30647	415
7893	30651	411
7894	30654	407
7895	30657	403
7896	30660	399
7897	30663	396
7898	30666	392
7899	30668	388
7900	30672	384
7901	30675	380
7902	30678	376
7903	30682	372
7904	30686	368
7905	30689	364
7906	30692	360
7907	30693	357
7908	30696	353
7909	30697	349
7910	30700	345
7911	30703	341
7912	30707	337
7913	30710	333
7914	30713	329
7915	30716	325
7916	30719	322
7917	30722	318
7918	30726	314
7919	30729	310
7920	30746	306
7921	30749	302
7922	30751	298
7923	30754	294
7924	30757	291
7925	30760	287
7926	30764	283
7927	30767	279
7928	30771	275
7929	30773	271
7930	30776	267
7931	30780	263
7932	30784	259
7933	30787	256
7934	30790	252
7935	30794	248
7936	30796	244
7937	30800	240
7938	30801	236
7939	30804	232
7940	30807	228
7941	30812	225
7942	30814	221
7943	30819	217
7944	30821	213
7945	30826	209
7946	30829	205
7947	30832	201
7948	30835	197
7949	30837	193
7950	30840	190
7951	30841	186
7952	30844	182
7953	30847	178
7954	30848	174
7955	30850	170
7956	30852	166
7957	30855	162
7958	30859	158
7959	30862	155
7960	30866	151
7961	30867	147
7962	30870	143
7963	30870	139
7964	30873	135
7965	30876	131
7966	30882	127
7967	30887	124
7968	30889	120
7969	30893	116
7970	30895	112
7971	30899	108
7972	30904	104
7973	30908	100
7974	30912	96
7975	30915	93
7976	30918	89
7977	30921	85
7978	30925	81
7979	30932	77
7980	30937	73
7981	30940	69
7982	30942	65
7983	30946	62
7984	30949	58
7985	30952	54
7986	30954	50
7987	30957	46
7988	30959	42
7989	30963	38
7990	30967	34
7991	30969	31
7992	30973	27
7993	30976	23
7994	30980	19
7995	30984	15
7996	30987	11
7997	30990	7
7998	30990	3
7999	30994	0
